$MeshFormat
2.2 0 8
$EndMeshFormat
$PhysicalNames
5
3 54 "Electrode"
3 107 "Axons"
3 108 "Endoneurium"
3 109 "Perineurium"
3 175 "Epineurium"
$EndPhysicalNames
$Nodes
520
1 1.787433 2.670033 0
2 2.037433 2.420033 0
3 1.787433 2.170033 0
4 1.537433 2.420033 0
5 1.787433 2.670033 11.5
6 2.037433 2.420033 11.5
7 1.787433 2.170033 11.5
8 1.537433 2.420033 11.5
9 1.883103858091272 2.651002883127822 0
10 1.964209695296637 2.596809695296637 0
11 2.018402883127822 2.515703858091273 0
12 2.018402883127822 2.324362141908728 0
13 1.964209695296637 2.243256304703364 0
14 1.883103858091273 2.189063116872179 0
15 1.691762141908728 2.189063116872178 0
16 1.610656304703364 2.243256304703363 0
17 1.556463116872179 2.324362141908727 0
18 1.556463116872178 2.515703858091273 0
19 1.610656304703363 2.596809695296637 0
20 1.691762141908727 2.651002883127822 0
21 1.787433 2.670033 0.005
22 1.787433 2.670033 0.035
23 1.787433 2.670033 0.495
24 1.787433 2.670033 2.245
25 1.787433 2.670033 3.995
26 1.787433 2.670033 5.745
27 1.787433 2.670033 7.495
28 1.787433 2.670033 9.244999999999999
29 1.787433 2.670033 10.995
30 1.787433 2.670033 11.455
31 1.787433 2.670033 11.485
32 2.037433 2.420033 0.005
33 2.037433 2.420033 0.035
34 2.037433 2.420033 0.495
35 2.037433 2.420033 2.245
36 2.037433 2.420033 3.995
37 2.037433 2.420033 5.745
38 2.037433 2.420033 7.495
39 2.037433 2.420033 9.244999999999999
40 2.037433 2.420033 10.995
41 2.037433 2.420033 11.455
42 2.037433 2.420033 11.485
43 1.883103858091272 2.651002883127822 11.5
44 1.964209695296637 2.596809695296637 11.5
45 2.018402883127822 2.515703858091273 11.5
46 1.787433 2.170033 0.005
47 1.787433 2.170033 0.035
48 1.787433 2.170033 0.495
49 1.787433 2.170033 2.245
50 1.787433 2.170033 3.995
51 1.787433 2.170033 5.745
52 1.787433 2.170033 7.495
53 1.787433 2.170033 9.244999999999999
54 1.787433 2.170033 10.995
55 1.787433 2.170033 11.455
56 1.787433 2.170033 11.485
57 2.018402883127822 2.324362141908728 11.5
58 1.964209695296637 2.243256304703364 11.5
59 1.883103858091273 2.189063116872179 11.5
60 1.537433 2.420033 0.005
61 1.537433 2.420033 0.035
62 1.537433 2.420033 0.495
63 1.537433 2.420033 2.245
64 1.537433 2.420033 3.995
65 1.537433 2.420033 5.745
66 1.537433 2.420033 7.495
67 1.537433 2.420033 9.244999999999999
68 1.537433 2.420033 10.995
69 1.537433 2.420033 11.455
70 1.537433 2.420033 11.485
71 1.691762141908728 2.189063116872178 11.5
72 1.610656304703364 2.243256304703363 11.5
73 1.556463116872179 2.324362141908727 11.5
74 1.556463116872178 2.515703858091273 11.5
75 1.610656304703363 2.596809695296637 11.5
76 1.691762141908727 2.651002883127822 11.5
77 1.786413556317068 2.415934678869963 0
78 1.858239812168815 2.526002883127822 0
79 1.767073378593655 2.300257893291497 0
80 1.896326274299732 2.363165935581529 0
81 1.689964993016047 2.497816156689039 0
82 1.668188256160044 2.370640209859785 0
83 1.758336847044682 2.566309238821204 0
84 1.936425260657471 2.449487524887928 0
85 1.84888439442577 2.271676210150569 0
86 1.679969560874034 2.28863539297392 0
87 1.618532734504575 2.436957012424228 0
88 1.966093021681011 2.376106727105543 0
89 1.934923238573534 2.528047363129996 0
90 1.830820063006092 2.597493742923429 0
91 1.678220006224473 2.567905373564603 0
92 1.817156724736326 2.355788959025598 0
93 1.785782976011041 2.49095667761136 0
94 1.854992089782835 2.426588634776043 0
95 1.740638166369288 2.364368188020086 0
96 1.714920113729677 2.429445487245744 0
97 1.752128887436363 2.235827178898005 0
98 1.942203287150009 2.314339850556144 0
99 1.89425933342727 2.579871313521141 0
100 1.627507936366817 2.526036834020604 0
101 1.883103858091272 2.651002883127822 0.005
102 1.883103858091272 2.651002883127822 0.035
103 1.883103858091272 2.651002883127822 0.495
104 1.883103858091272 2.651002883127822 2.245
105 1.883103858091272 2.651002883127822 3.995
106 1.883103858091272 2.651002883127822 5.745
107 1.883103858091272 2.651002883127822 7.495
108 1.883103858091272 2.651002883127822 9.244999999999999
109 1.883103858091272 2.651002883127822 10.995
110 1.883103858091272 2.651002883127822 11.455
111 1.883103858091272 2.651002883127822 11.485
112 1.964209695296637 2.596809695296637 0.005
113 1.964209695296637 2.596809695296637 0.035
114 1.964209695296637 2.596809695296637 0.495
115 1.964209695296637 2.596809695296637 2.245
116 1.964209695296637 2.596809695296637 3.995
117 1.964209695296637 2.596809695296637 5.745
118 1.964209695296637 2.596809695296637 7.495
119 1.964209695296637 2.596809695296637 9.244999999999999
120 1.964209695296637 2.596809695296637 10.995
121 1.964209695296637 2.596809695296637 11.455
122 1.964209695296637 2.596809695296637 11.485
123 2.018402883127822 2.515703858091273 0.005
124 2.018402883127822 2.515703858091273 0.035
125 2.018402883127822 2.515703858091273 0.495
126 2.018402883127822 2.515703858091273 2.245
127 2.018402883127822 2.515703858091273 3.995
128 2.018402883127822 2.515703858091273 5.745
129 2.018402883127822 2.515703858091273 7.495
130 2.018402883127822 2.515703858091273 9.244999999999999
131 2.018402883127822 2.515703858091273 10.995
132 2.018402883127822 2.515703858091273 11.455
133 2.018402883127822 2.515703858091273 11.485
134 2.018402883127822 2.324362141908728 0.005
135 2.018402883127822 2.324362141908728 0.035
136 2.018402883127822 2.324362141908728 0.495
137 2.018402883127822 2.324362141908728 2.245
138 2.018402883127822 2.324362141908728 3.995
139 2.018402883127822 2.324362141908728 5.745
140 2.018402883127822 2.324362141908728 7.495
141 2.018402883127822 2.324362141908728 9.244999999999999
142 2.018402883127822 2.324362141908728 10.995
143 2.018402883127822 2.324362141908728 11.455
144 2.018402883127822 2.324362141908728 11.485
145 1.964209695296637 2.243256304703364 0.005
146 1.964209695296637 2.243256304703364 0.035
147 1.964209695296637 2.243256304703364 0.495
148 1.964209695296637 2.243256304703364 2.245
149 1.964209695296637 2.243256304703364 3.995
150 1.964209695296637 2.243256304703364 5.745
151 1.964209695296637 2.243256304703364 7.495
152 1.964209695296637 2.243256304703364 9.244999999999999
153 1.964209695296637 2.243256304703364 10.995
154 1.964209695296637 2.243256304703364 11.455
155 1.964209695296637 2.243256304703364 11.485
156 1.883103858091273 2.189063116872179 0.005
157 1.883103858091273 2.189063116872179 0.035
158 1.883103858091273 2.189063116872179 0.495
159 1.883103858091273 2.189063116872179 2.245
160 1.883103858091273 2.189063116872179 3.995
161 1.883103858091273 2.189063116872179 5.745
162 1.883103858091273 2.189063116872179 7.495
163 1.883103858091273 2.189063116872179 9.244999999999999
164 1.883103858091273 2.189063116872179 10.995
165 1.883103858091273 2.189063116872179 11.455
166 1.883103858091273 2.189063116872179 11.485
167 1.691762141908728 2.189063116872178 0.005
168 1.691762141908728 2.189063116872178 0.035
169 1.691762141908728 2.189063116872178 0.495
170 1.691762141908728 2.189063116872178 2.245
171 1.691762141908728 2.189063116872178 3.995
172 1.691762141908728 2.189063116872178 5.745
173 1.691762141908728 2.189063116872178 7.495
174 1.691762141908728 2.189063116872178 9.244999999999999
175 1.691762141908728 2.189063116872178 10.995
176 1.691762141908728 2.189063116872178 11.455
177 1.691762141908728 2.189063116872178 11.485
178 1.610656304703364 2.243256304703363 0.005
179 1.610656304703364 2.243256304703363 0.035
180 1.610656304703364 2.243256304703363 0.495
181 1.610656304703364 2.243256304703363 2.245
182 1.610656304703364 2.243256304703363 3.995
183 1.610656304703364 2.243256304703363 5.745
184 1.610656304703364 2.243256304703363 7.495
185 1.610656304703364 2.243256304703363 9.244999999999999
186 1.610656304703364 2.243256304703363 10.995
187 1.610656304703364 2.243256304703363 11.455
188 1.610656304703364 2.243256304703363 11.485
189 1.556463116872179 2.324362141908727 0.005
190 1.556463116872179 2.324362141908727 0.035
191 1.556463116872179 2.324362141908727 0.495
192 1.556463116872179 2.324362141908727 2.245
193 1.556463116872179 2.324362141908727 3.995
194 1.556463116872179 2.324362141908727 5.745
195 1.556463116872179 2.324362141908727 7.495
196 1.556463116872179 2.324362141908727 9.244999999999999
197 1.556463116872179 2.324362141908727 10.995
198 1.556463116872179 2.324362141908727 11.455
199 1.556463116872179 2.324362141908727 11.485
200 1.556463116872178 2.515703858091273 0.005
201 1.556463116872178 2.515703858091273 0.035
202 1.556463116872178 2.515703858091273 0.495
203 1.556463116872178 2.515703858091273 2.245
204 1.556463116872178 2.515703858091273 3.995
205 1.556463116872178 2.515703858091273 5.745
206 1.556463116872178 2.515703858091273 7.495
207 1.556463116872178 2.515703858091273 9.244999999999999
208 1.556463116872178 2.515703858091273 10.995
209 1.556463116872178 2.515703858091273 11.455
210 1.556463116872178 2.515703858091273 11.485
211 1.610656304703363 2.596809695296637 0.005
212 1.610656304703363 2.596809695296637 0.035
213 1.610656304703363 2.596809695296637 0.495
214 1.610656304703363 2.596809695296637 2.245
215 1.610656304703363 2.596809695296637 3.995
216 1.610656304703363 2.596809695296637 5.745
217 1.610656304703363 2.596809695296637 7.495
218 1.610656304703363 2.596809695296637 9.244999999999999
219 1.610656304703363 2.596809695296637 10.995
220 1.610656304703363 2.596809695296637 11.455
221 1.610656304703363 2.596809695296637 11.485
222 1.691762141908727 2.651002883127822 0.005
223 1.691762141908727 2.651002883127822 0.035
224 1.691762141908727 2.651002883127822 0.495
225 1.691762141908727 2.651002883127822 2.245
226 1.691762141908727 2.651002883127822 3.995
227 1.691762141908727 2.651002883127822 5.745
228 1.691762141908727 2.651002883127822 7.495
229 1.691762141908727 2.651002883127822 9.244999999999999
230 1.691762141908727 2.651002883127822 10.995
231 1.691762141908727 2.651002883127822 11.455
232 1.691762141908727 2.651002883127822 11.485
233 1.786413556317068 2.415934678869963 11.5
234 1.858239812168815 2.526002883127822 11.5
235 1.767073378593655 2.300257893291497 11.5
236 1.896326274299732 2.363165935581529 11.5
237 1.689964993016047 2.497816156689039 11.5
238 1.668188256160044 2.370640209859785 11.5
239 1.758336847044682 2.566309238821204 11.5
240 1.936425260657471 2.449487524887928 11.5
241 1.84888439442577 2.271676210150569 11.5
242 1.679969560874034 2.28863539297392 11.5
243 1.618532734504575 2.436957012424228 11.5
244 1.966093021681011 2.376106727105543 11.5
245 1.934923238573534 2.528047363129996 11.5
246 1.830820063006092 2.597493742923429 11.5
247 1.678220006224473 2.567905373564603 11.5
248 1.817156724736326 2.355788959025598 11.5
249 1.785782976011041 2.49095667761136 11.5
250 1.854992089782835 2.426588634776043 11.5
251 1.740638166369288 2.364368188020086 11.5
252 1.714920113729677 2.429445487245744 11.5
253 1.752128887436363 2.235827178898005 11.5
254 1.942203287150009 2.314339850556144 11.5
255 1.89425933342727 2.579871313521141 11.5
256 1.627507936366817 2.526036834020604 11.5
257 1.786413556317068 2.415934678869963 0.005
258 1.786413556317068 2.415934678869963 0.035
259 1.786413556317068 2.415934678869963 0.495
260 1.786413556317068 2.415934678869963 2.245
261 1.786413556317068 2.415934678869963 3.995
262 1.786413556317068 2.415934678869963 5.745
263 1.786413556317068 2.415934678869963 7.495
264 1.786413556317068 2.415934678869963 9.244999999999999
265 1.786413556317068 2.415934678869963 10.995
266 1.786413556317068 2.415934678869963 11.455
267 1.786413556317068 2.415934678869963 11.485
268 1.858239812168815 2.526002883127822 0.005
269 1.858239812168815 2.526002883127822 0.035
270 1.858239812168815 2.526002883127822 0.495
271 1.858239812168815 2.526002883127822 2.245
272 1.858239812168815 2.526002883127822 3.995
273 1.858239812168815 2.526002883127822 5.745
274 1.858239812168815 2.526002883127822 7.495
275 1.858239812168815 2.526002883127822 9.244999999999999
276 1.858239812168815 2.526002883127822 10.995
277 1.858239812168815 2.526002883127822 11.455
278 1.858239812168815 2.526002883127822 11.485
279 1.767073378593655 2.300257893291497 0.005
280 1.767073378593655 2.300257893291497 0.035
281 1.767073378593655 2.300257893291497 0.495
282 1.767073378593655 2.300257893291497 2.245
283 1.767073378593655 2.300257893291497 3.995
284 1.767073378593655 2.300257893291497 5.745
285 1.767073378593655 2.300257893291497 7.495
286 1.767073378593655 2.300257893291497 9.244999999999999
287 1.767073378593655 2.300257893291497 10.995
288 1.767073378593655 2.300257893291497 11.455
289 1.767073378593655 2.300257893291497 11.485
290 1.896326274299732 2.363165935581529 0.005
291 1.896326274299732 2.363165935581529 0.035
292 1.896326274299732 2.363165935581529 0.495
293 1.896326274299732 2.363165935581529 2.245
294 1.896326274299732 2.363165935581529 3.995
295 1.896326274299732 2.363165935581529 5.745
296 1.896326274299732 2.363165935581529 7.495
297 1.896326274299732 2.363165935581529 9.244999999999999
298 1.896326274299732 2.363165935581529 10.995
299 1.896326274299732 2.363165935581529 11.455
300 1.896326274299732 2.363165935581529 11.485
301 1.689964993016047 2.497816156689039 0.005
302 1.689964993016047 2.497816156689039 0.035
303 1.689964993016047 2.497816156689039 0.495
304 1.689964993016047 2.497816156689039 2.245
305 1.689964993016047 2.497816156689039 3.995
306 1.689964993016047 2.497816156689039 5.745
307 1.689964993016047 2.497816156689039 7.495
308 1.689964993016047 2.497816156689039 9.244999999999999
309 1.689964993016047 2.497816156689039 10.995
310 1.689964993016047 2.497816156689039 11.455
311 1.689964993016047 2.497816156689039 11.485
312 1.668188256160044 2.370640209859785 0.005
313 1.668188256160044 2.370640209859785 0.035
314 1.668188256160044 2.370640209859785 0.495
315 1.668188256160044 2.370640209859785 2.245
316 1.668188256160044 2.370640209859785 3.995
317 1.668188256160044 2.370640209859785 5.745
318 1.668188256160044 2.370640209859785 7.495
319 1.668188256160044 2.370640209859785 9.244999999999999
320 1.668188256160044 2.370640209859785 10.995
321 1.668188256160044 2.370640209859785 11.455
322 1.668188256160044 2.370640209859785 11.485
323 1.758336847044682 2.566309238821204 0.005
324 1.758336847044682 2.566309238821204 0.035
325 1.758336847044682 2.566309238821204 0.495
326 1.758336847044682 2.566309238821204 2.245
327 1.758336847044682 2.566309238821204 3.995
328 1.758336847044682 2.566309238821204 5.745
329 1.758336847044682 2.566309238821204 7.495
330 1.758336847044682 2.566309238821204 9.244999999999999
331 1.758336847044682 2.566309238821204 10.995
332 1.758336847044682 2.566309238821204 11.455
333 1.758336847044682 2.566309238821204 11.485
334 1.936425260657471 2.449487524887928 0.005
335 1.936425260657471 2.449487524887928 0.035
336 1.936425260657471 2.449487524887928 0.495
337 1.936425260657471 2.449487524887928 2.245
338 1.936425260657471 2.449487524887928 3.995
339 1.936425260657471 2.449487524887928 5.745
340 1.936425260657471 2.449487524887928 7.495
341 1.936425260657471 2.449487524887928 9.244999999999999
342 1.936425260657471 2.449487524887928 10.995
343 1.936425260657471 2.449487524887928 11.455
344 1.936425260657471 2.449487524887928 11.485
345 1.84888439442577 2.271676210150569 0.005
346 1.84888439442577 2.271676210150569 0.035
347 1.84888439442577 2.271676210150569 0.495
348 1.84888439442577 2.271676210150569 2.245
349 1.84888439442577 2.271676210150569 3.995
350 1.84888439442577 2.271676210150569 5.745
351 1.84888439442577 2.271676210150569 7.495
352 1.84888439442577 2.271676210150569 9.244999999999999
353 1.84888439442577 2.271676210150569 10.995
354 1.84888439442577 2.271676210150569 11.455
355 1.84888439442577 2.271676210150569 11.485
356 1.679969560874034 2.28863539297392 0.005
357 1.679969560874034 2.28863539297392 0.035
358 1.679969560874034 2.28863539297392 0.495
359 1.679969560874034 2.28863539297392 2.245
360 1.679969560874034 2.28863539297392 3.995
361 1.679969560874034 2.28863539297392 5.745
362 1.679969560874034 2.28863539297392 7.495
363 1.679969560874034 2.28863539297392 9.244999999999999
364 1.679969560874034 2.28863539297392 10.995
365 1.679969560874034 2.28863539297392 11.455
366 1.679969560874034 2.28863539297392 11.485
367 1.618532734504575 2.436957012424228 0.005
368 1.618532734504575 2.436957012424228 0.035
369 1.618532734504575 2.436957012424228 0.495
370 1.618532734504575 2.436957012424228 2.245
371 1.618532734504575 2.436957012424228 3.995
372 1.618532734504575 2.436957012424228 5.745
373 1.618532734504575 2.436957012424228 7.495
374 1.618532734504575 2.436957012424228 9.244999999999999
375 1.618532734504575 2.436957012424228 10.995
376 1.618532734504575 2.436957012424228 11.455
377 1.618532734504575 2.436957012424228 11.485
378 1.966093021681011 2.376106727105543 0.005
379 1.966093021681011 2.376106727105543 0.035
380 1.966093021681011 2.376106727105543 0.495
381 1.966093021681011 2.376106727105543 2.245
382 1.966093021681011 2.376106727105543 3.995
383 1.966093021681011 2.376106727105543 5.745
384 1.966093021681011 2.376106727105543 7.495
385 1.966093021681011 2.376106727105543 9.244999999999999
386 1.966093021681011 2.376106727105543 10.995
387 1.966093021681011 2.376106727105543 11.455
388 1.966093021681011 2.376106727105543 11.485
389 1.934923238573534 2.528047363129996 0.005
390 1.934923238573534 2.528047363129996 0.035
391 1.934923238573534 2.528047363129996 0.495
392 1.934923238573534 2.528047363129996 2.245
393 1.934923238573534 2.528047363129996 3.995
394 1.934923238573534 2.528047363129996 5.745
395 1.934923238573534 2.528047363129996 7.495
396 1.934923238573534 2.528047363129996 9.244999999999999
397 1.934923238573534 2.528047363129996 10.995
398 1.934923238573534 2.528047363129996 11.455
399 1.934923238573534 2.528047363129996 11.485
400 1.830820063006092 2.597493742923429 0.005
401 1.830820063006092 2.597493742923429 0.035
402 1.830820063006092 2.597493742923429 0.495
403 1.830820063006092 2.597493742923429 2.245
404 1.830820063006092 2.597493742923429 3.995
405 1.830820063006092 2.597493742923429 5.745
406 1.830820063006092 2.597493742923429 7.495
407 1.830820063006092 2.597493742923429 9.244999999999999
408 1.830820063006092 2.597493742923429 10.995
409 1.830820063006092 2.597493742923429 11.455
410 1.830820063006092 2.597493742923429 11.485
411 1.678220006224473 2.567905373564603 0.005
412 1.678220006224473 2.567905373564603 0.035
413 1.678220006224473 2.567905373564603 0.495
414 1.678220006224473 2.567905373564603 2.245
415 1.678220006224473 2.567905373564603 3.995
416 1.678220006224473 2.567905373564603 5.745
417 1.678220006224473 2.567905373564603 7.495
418 1.678220006224473 2.567905373564603 9.244999999999999
419 1.678220006224473 2.567905373564603 10.995
420 1.678220006224473 2.567905373564603 11.455
421 1.678220006224473 2.567905373564603 11.485
422 1.817156724736326 2.355788959025598 0.005
423 1.817156724736326 2.355788959025598 0.035
424 1.817156724736326 2.355788959025598 0.495
425 1.817156724736326 2.355788959025598 2.245
426 1.817156724736326 2.355788959025598 3.995
427 1.817156724736326 2.355788959025598 5.745
428 1.817156724736326 2.355788959025598 7.495
429 1.817156724736326 2.355788959025598 9.244999999999999
430 1.817156724736326 2.355788959025598 10.995
431 1.817156724736326 2.355788959025598 11.455
432 1.817156724736326 2.355788959025598 11.485
433 1.785782976011041 2.49095667761136 0.005
434 1.785782976011041 2.49095667761136 0.035
435 1.785782976011041 2.49095667761136 0.495
436 1.785782976011041 2.49095667761136 2.245
437 1.785782976011041 2.49095667761136 3.995
438 1.785782976011041 2.49095667761136 5.745
439 1.785782976011041 2.49095667761136 7.495
440 1.785782976011041 2.49095667761136 9.244999999999999
441 1.785782976011041 2.49095667761136 10.995
442 1.785782976011041 2.49095667761136 11.455
443 1.785782976011041 2.49095667761136 11.485
444 1.854992089782835 2.426588634776043 0.005
445 1.854992089782835 2.426588634776043 0.035
446 1.854992089782835 2.426588634776043 0.495
447 1.854992089782835 2.426588634776043 2.245
448 1.854992089782835 2.426588634776043 3.995
449 1.854992089782835 2.426588634776043 5.745
450 1.854992089782835 2.426588634776043 7.495
451 1.854992089782835 2.426588634776043 9.244999999999999
452 1.854992089782835 2.426588634776043 10.995
453 1.854992089782835 2.426588634776043 11.455
454 1.854992089782835 2.426588634776043 11.485
455 1.740638166369288 2.364368188020086 0.005
456 1.740638166369288 2.364368188020086 0.035
457 1.740638166369288 2.364368188020086 0.495
458 1.740638166369288 2.364368188020086 2.245
459 1.740638166369288 2.364368188020086 3.995
460 1.740638166369288 2.364368188020086 5.745
461 1.740638166369288 2.364368188020086 7.495
462 1.740638166369288 2.364368188020086 9.244999999999999
463 1.740638166369288 2.364368188020086 10.995
464 1.740638166369288 2.364368188020086 11.455
465 1.740638166369288 2.364368188020086 11.485
466 1.714920113729677 2.429445487245744 0.005
467 1.714920113729677 2.429445487245744 0.035
468 1.714920113729677 2.429445487245744 0.495
469 1.714920113729677 2.429445487245744 2.245
470 1.714920113729677 2.429445487245744 3.995
471 1.714920113729677 2.429445487245744 5.745
472 1.714920113729677 2.429445487245744 7.495
473 1.714920113729677 2.429445487245744 9.244999999999999
474 1.714920113729677 2.429445487245744 10.995
475 1.714920113729677 2.429445487245744 11.455
476 1.714920113729677 2.429445487245744 11.485
477 1.752128887436363 2.235827178898005 0.005
478 1.752128887436363 2.235827178898005 0.035
479 1.752128887436363 2.235827178898005 0.495
480 1.752128887436363 2.235827178898005 2.245
481 1.752128887436363 2.235827178898005 3.995
482 1.752128887436363 2.235827178898005 5.745
483 1.752128887436363 2.235827178898005 7.495
484 1.752128887436363 2.235827178898005 9.244999999999999
485 1.752128887436363 2.235827178898005 10.995
486 1.752128887436363 2.235827178898005 11.455
487 1.752128887436363 2.235827178898005 11.485
488 1.942203287150009 2.314339850556144 0.005
489 1.942203287150009 2.314339850556144 0.035
490 1.942203287150009 2.314339850556144 0.495
491 1.942203287150009 2.314339850556144 2.245
492 1.942203287150009 2.314339850556144 3.995
493 1.942203287150009 2.314339850556144 5.745
494 1.942203287150009 2.314339850556144 7.495
495 1.942203287150009 2.314339850556144 9.244999999999999
496 1.942203287150009 2.314339850556144 10.995
497 1.942203287150009 2.314339850556144 11.455
498 1.942203287150009 2.314339850556144 11.485
499 1.89425933342727 2.579871313521141 0.005
500 1.89425933342727 2.579871313521141 0.035
501 1.89425933342727 2.579871313521141 0.495
502 1.89425933342727 2.579871313521141 2.245
503 1.89425933342727 2.579871313521141 3.995
504 1.89425933342727 2.579871313521141 5.745
505 1.89425933342727 2.579871313521141 7.495
506 1.89425933342727 2.579871313521141 9.244999999999999
507 1.89425933342727 2.579871313521141 10.995
508 1.89425933342727 2.579871313521141 11.455
509 1.89425933342727 2.579871313521141 11.485
510 1.627507936366817 2.526036834020604 0.005
511 1.627507936366817 2.526036834020604 0.035
512 1.627507936366817 2.526036834020604 0.495
513 1.627507936366817 2.526036834020604 2.245
514 1.627507936366817 2.526036834020604 3.995
515 1.627507936366817 2.526036834020604 5.745
516 1.627507936366817 2.526036834020604 7.495
517 1.627507936366817 2.526036834020604 9.244999999999999
518 1.627507936366817 2.526036834020604 10.995
519 1.627507936366817 2.526036834020604 11.455
520 1.627507936366817 2.526036834020604 11.485
$EndNodes
$Elements
2232
1 4 2 107 54 17 82 87 367
2 4 2 107 54 312 189 367 17
3 4 2 107 54 82 17 312 367
4 4 2 107 54 189 312 367 313
5 4 2 107 54 313 190 368 189
6 4 2 107 54 367 189 313 368
7 4 2 107 54 190 313 368 314
8 4 2 107 54 314 191 369 190
9 4 2 107 54 368 190 314 369
10 4 2 107 54 191 314 369 315
11 4 2 107 54 315 192 370 191
12 4 2 107 54 369 191 315 370
13 4 2 107 54 192 315 370 371
14 4 2 107 54 316 193 371 192
15 4 2 107 54 315 192 316 371
16 4 2 107 54 193 316 371 372
17 4 2 107 54 317 194 372 193
18 4 2 107 54 316 193 317 372
19 4 2 107 54 194 317 372 318
20 4 2 107 54 318 195 373 194
21 4 2 107 54 372 194 318 373
22 4 2 107 54 195 318 373 319
23 4 2 107 54 319 196 374 195
24 4 2 107 54 373 195 319 374
25 4 2 107 54 196 319 374 375
26 4 2 107 54 320 197 375 196
27 4 2 107 54 319 196 320 375
28 4 2 107 54 197 320 375 376
29 4 2 107 54 321 198 376 197
30 4 2 107 54 320 197 321 376
31 4 2 107 54 198 321 376 322
32 4 2 107 54 322 199 377 198
33 4 2 107 54 376 198 322 377
34 4 2 107 54 199 322 377 238
35 4 2 107 54 238 73 243 199
36 4 2 107 54 377 199 238 243
37 4 2 107 54 17 86 82 356
38 4 2 107 54 356 189 312 17
39 4 2 107 54 82 17 356 312
40 4 2 107 54 189 356 312 313
41 4 2 107 54 357 190 313 189
42 4 2 107 54 356 189 357 313
43 4 2 107 54 190 357 313 314
44 4 2 107 54 358 191 314 190
45 4 2 107 54 357 190 358 314
46 4 2 107 54 191 358 314 315
47 4 2 107 54 359 192 315 191
48 4 2 107 54 358 191 359 315
49 4 2 107 54 192 359 315 316
50 4 2 107 54 360 193 316 192
51 4 2 107 54 359 192 360 316
52 4 2 107 54 193 360 316 317
53 4 2 107 54 361 194 317 193
54 4 2 107 54 360 193 361 317
55 4 2 107 54 194 361 317 318
56 4 2 107 54 362 195 318 194
57 4 2 107 54 361 194 362 318
58 4 2 107 54 195 362 318 319
59 4 2 107 54 363 196 319 195
60 4 2 107 54 362 195 363 319
61 4 2 107 54 196 363 319 320
62 4 2 107 54 364 197 320 196
63 4 2 107 54 363 196 364 320
64 4 2 107 54 197 364 320 365
65 4 2 107 54 365 198 321 197
66 4 2 107 54 320 197 365 321
67 4 2 107 54 198 365 321 366
68 4 2 107 54 366 199 322 198
69 4 2 107 54 321 198 366 322
70 4 2 107 54 199 366 322 242
71 4 2 107 54 242 73 238 199
72 4 2 107 54 322 199 242 238
73 4 2 107 54 4 17 87 60
74 4 2 107 54 189 60 367 17
75 4 2 107 54 17 60 367 87
76 4 2 107 54 60 189 367 368
77 4 2 107 54 190 61 368 60
78 4 2 107 54 189 60 190 368
79 4 2 107 54 61 190 368 369
80 4 2 107 54 191 62 369 61
81 4 2 107 54 190 61 191 369
82 4 2 107 54 62 191 369 370
83 4 2 107 54 192 63 370 62
84 4 2 107 54 191 62 192 370
85 4 2 107 54 63 192 370 371
86 4 2 107 54 193 64 371 63
87 4 2 107 54 192 63 193 371
88 4 2 107 54 64 193 371 372
89 4 2 107 54 194 65 372 64
90 4 2 107 54 193 64 194 372
91 4 2 107 54 65 194 372 373
92 4 2 107 54 195 66 373 65
93 4 2 107 54 194 65 195 373
94 4 2 107 54 66 195 373 374
95 4 2 107 54 196 67 374 66
96 4 2 107 54 195 66 196 374
97 4 2 107 54 67 196 374 375
98 4 2 107 54 197 68 375 67
99 4 2 107 54 196 67 197 375
100 4 2 107 54 68 197 375 376
101 4 2 107 54 198 69 376 68
102 4 2 107 54 197 68 198 376
103 4 2 107 54 69 198 376 377
104 4 2 107 54 199 70 377 69
105 4 2 107 54 198 69 199 377
106 4 2 107 54 70 199 377 243
107 4 2 107 54 73 8 243 70
108 4 2 107 54 199 70 73 243
109 4 2 107 54 16 86 17 356
110 4 2 107 54 356 178 189 16
111 4 2 107 54 17 16 356 189
112 4 2 107 54 178 356 189 357
113 4 2 107 54 357 179 190 178
114 4 2 107 54 189 178 357 190
115 4 2 107 54 179 357 190 358
116 4 2 107 54 358 180 191 179
117 4 2 107 54 190 179 358 191
118 4 2 107 54 180 358 191 359
119 4 2 107 54 359 181 192 180
120 4 2 107 54 191 180 359 192
121 4 2 107 54 181 359 192 360
122 4 2 107 54 360 182 193 192
123 4 2 107 54 181 182 360 192
124 4 2 107 54 182 360 193 361
125 4 2 107 54 361 183 194 193
126 4 2 107 54 182 183 361 193
127 4 2 107 54 183 361 194 362
128 4 2 107 54 362 184 195 183
129 4 2 107 54 194 183 362 195
130 4 2 107 54 184 362 195 363
131 4 2 107 54 363 185 196 195
132 4 2 107 54 184 185 363 195
133 4 2 107 54 185 363 196 364
134 4 2 107 54 364 186 197 185
135 4 2 107 54 196 185 364 197
136 4 2 107 54 186 364 197 365
137 4 2 107 54 365 187 198 197
138 4 2 107 54 186 187 365 197
139 4 2 107 54 187 365 198 366
140 4 2 107 54 366 188 199 198
141 4 2 107 54 187 188 366 198
142 4 2 107 54 188 366 199 242
143 4 2 107 54 242 72 73 199
144 4 2 107 54 188 72 242 199
145 4 2 107 54 3 14 85 46
146 4 2 107 54 156 46 345 14
147 4 2 107 54 14 46 345 85
148 4 2 107 54 46 156 345 346
149 4 2 107 54 157 47 346 156
150 4 2 107 54 156 47 346 46
151 4 2 107 54 47 157 346 347
152 4 2 107 54 158 48 347 157
153 4 2 107 54 157 48 347 47
154 4 2 107 54 48 158 347 348
155 4 2 107 54 159 49 348 158
156 4 2 107 54 158 49 348 48
157 4 2 107 54 49 159 348 349
158 4 2 107 54 160 50 349 159
159 4 2 107 54 159 50 349 49
160 4 2 107 54 50 160 349 350
161 4 2 107 54 161 51 350 160
162 4 2 107 54 160 51 350 50
163 4 2 107 54 51 161 350 351
164 4 2 107 54 162 52 351 161
165 4 2 107 54 161 52 351 51
166 4 2 107 54 52 162 351 352
167 4 2 107 54 163 53 352 162
168 4 2 107 54 162 53 352 52
169 4 2 107 54 53 163 352 353
170 4 2 107 54 164 54 353 163
171 4 2 107 54 163 54 353 53
172 4 2 107 54 54 164 353 354
173 4 2 107 54 165 55 354 164
174 4 2 107 54 164 55 354 54
175 4 2 107 54 55 165 354 355
176 4 2 107 54 166 56 355 165
177 4 2 107 54 165 56 355 55
178 4 2 107 54 56 166 355 241
179 4 2 107 54 59 7 241 166
180 4 2 107 54 166 7 241 56
181 4 2 107 54 13 85 14 345
182 4 2 107 54 345 145 156 13
183 4 2 107 54 14 13 345 156
184 4 2 107 54 145 345 156 346
185 4 2 107 54 346 146 157 156
186 4 2 107 54 145 146 346 156
187 4 2 107 54 146 346 157 347
188 4 2 107 54 347 147 158 146
189 4 2 107 54 157 146 347 158
190 4 2 107 54 147 347 158 348
191 4 2 107 54 348 148 159 158
192 4 2 107 54 147 148 348 158
193 4 2 107 54 148 348 159 349
194 4 2 107 54 349 149 160 148
195 4 2 107 54 159 148 349 160
196 4 2 107 54 149 349 160 350
197 4 2 107 54 350 150 161 160
198 4 2 107 54 149 150 350 160
199 4 2 107 54 150 350 161 351
200 4 2 107 54 351 151 162 150
201 4 2 107 54 161 150 351 162
202 4 2 107 54 151 351 162 352
203 4 2 107 54 352 152 163 151
204 4 2 107 54 162 151 352 163
205 4 2 107 54 152 352 163 353
206 4 2 107 54 353 153 164 163
207 4 2 107 54 152 153 353 163
208 4 2 107 54 153 353 164 354
209 4 2 107 54 354 154 165 164
210 4 2 107 54 153 154 354 164
211 4 2 107 54 154 354 165 355
212 4 2 107 54 355 155 166 154
213 4 2 107 54 165 154 355 166
214 4 2 107 54 155 355 166 241
215 4 2 107 54 241 58 59 166
216 4 2 107 54 155 58 241 166
217 4 2 107 54 1 20 83 21
218 4 2 107 54 222 21 323 20
219 4 2 107 54 20 21 323 83
220 4 2 107 54 21 222 323 324
221 4 2 107 54 223 22 324 21
222 4 2 107 54 222 21 223 324
223 4 2 107 54 22 223 324 325
224 4 2 107 54 224 23 325 22
225 4 2 107 54 223 22 224 325
226 4 2 107 54 23 224 325 326
227 4 2 107 54 225 24 326 23
228 4 2 107 54 224 23 225 326
229 4 2 107 54 24 225 326 327
230 4 2 107 54 226 25 327 24
231 4 2 107 54 225 24 226 327
232 4 2 107 54 25 226 327 328
233 4 2 107 54 227 26 328 25
234 4 2 107 54 226 25 227 328
235 4 2 107 54 26 227 328 329
236 4 2 107 54 228 27 329 26
237 4 2 107 54 227 26 228 329
238 4 2 107 54 27 228 329 330
239 4 2 107 54 229 28 330 27
240 4 2 107 54 228 27 229 330
241 4 2 107 54 28 229 330 331
242 4 2 107 54 230 29 331 28
243 4 2 107 54 229 28 230 331
244 4 2 107 54 29 230 331 332
245 4 2 107 54 231 30 332 29
246 4 2 107 54 230 29 231 332
247 4 2 107 54 30 231 332 333
248 4 2 107 54 232 31 333 30
249 4 2 107 54 231 30 232 333
250 4 2 107 54 31 232 333 239
251 4 2 107 54 76 5 239 31
252 4 2 107 54 232 31 76 239
253 4 2 107 54 2 11 84 32
254 4 2 107 54 123 32 334 11
255 4 2 107 54 11 32 334 84
256 4 2 107 54 32 123 334 335
257 4 2 107 54 124 33 335 32
258 4 2 107 54 123 32 124 335
259 4 2 107 54 33 124 335 336
260 4 2 107 54 125 34 336 33
261 4 2 107 54 124 33 125 336
262 4 2 107 54 34 125 336 337
263 4 2 107 54 126 35 337 34
264 4 2 107 54 125 34 126 337
265 4 2 107 54 35 126 337 338
266 4 2 107 54 127 36 338 35
267 4 2 107 54 126 35 127 338
268 4 2 107 54 36 127 338 339
269 4 2 107 54 128 37 339 36
270 4 2 107 54 127 36 128 339
271 4 2 107 54 37 128 339 340
272 4 2 107 54 129 38 340 37
273 4 2 107 54 128 37 129 340
274 4 2 107 54 38 129 340 341
275 4 2 107 54 130 39 341 38
276 4 2 107 54 129 38 130 341
277 4 2 107 54 39 130 341 342
278 4 2 107 54 131 40 342 39
279 4 2 107 54 130 39 131 342
280 4 2 107 54 40 131 342 343
281 4 2 107 54 132 41 343 40
282 4 2 107 54 131 40 132 343
283 4 2 107 54 41 132 343 344
284 4 2 107 54 133 42 344 41
285 4 2 107 54 132 41 133 344
286 4 2 107 54 42 133 344 240
287 4 2 107 54 45 6 240 42
288 4 2 107 54 133 42 45 240
289 4 2 107 54 13 98 85 488
290 4 2 107 54 488 145 345 13
291 4 2 107 54 85 13 488 345
292 4 2 107 54 145 488 345 489
293 4 2 107 54 489 146 346 145
294 4 2 107 54 345 145 489 346
295 4 2 107 54 146 489 346 490
296 4 2 107 54 490 147 347 146
297 4 2 107 54 346 146 490 347
298 4 2 107 54 147 490 347 491
299 4 2 107 54 491 148 348 147
300 4 2 107 54 347 147 491 348
301 4 2 107 54 148 491 348 492
302 4 2 107 54 492 149 349 148
303 4 2 107 54 348 148 492 349
304 4 2 107 54 149 492 349 493
305 4 2 107 54 493 150 350 149
306 4 2 107 54 349 149 493 350
307 4 2 107 54 150 493 350 494
308 4 2 107 54 494 151 351 150
309 4 2 107 54 350 150 494 351
310 4 2 107 54 151 494 351 495
311 4 2 107 54 495 152 352 151
312 4 2 107 54 351 151 495 352
313 4 2 107 54 152 495 352 496
314 4 2 107 54 496 153 353 152
315 4 2 107 54 352 152 496 353
316 4 2 107 54 153 496 353 497
317 4 2 107 54 497 154 354 153
318 4 2 107 54 353 153 497 354
319 4 2 107 54 154 497 354 498
320 4 2 107 54 498 155 355 154
321 4 2 107 54 354 154 498 355
322 4 2 107 54 155 498 355 254
323 4 2 107 54 254 58 241 155
324 4 2 107 54 355 155 254 241
325 4 2 107 54 3 85 97 46
326 4 2 107 54 345 46 477 85
327 4 2 107 54 85 46 477 97
328 4 2 107 54 46 345 477 346
329 4 2 107 54 346 47 478 46
330 4 2 107 54 477 46 346 478
331 4 2 107 54 47 346 478 479
332 4 2 107 54 347 48 479 47
333 4 2 107 54 346 47 347 479
334 4 2 107 54 48 347 479 480
335 4 2 107 54 348 49 480 48
336 4 2 107 54 347 48 348 480
337 4 2 107 54 49 348 480 481
338 4 2 107 54 349 50 481 49
339 4 2 107 54 348 49 349 481
340 4 2 107 54 50 349 481 482
341 4 2 107 54 350 51 482 50
342 4 2 107 54 349 50 350 482
343 4 2 107 54 51 350 482 351
344 4 2 107 54 351 52 483 51
345 4 2 107 54 482 51 351 483
346 4 2 107 54 52 351 483 352
347 4 2 107 54 352 53 484 52
348 4 2 107 54 483 52 352 484
349 4 2 107 54 53 352 484 353
350 4 2 107 54 353 54 485 53
351 4 2 107 54 484 53 353 485
352 4 2 107 54 54 353 485 354
353 4 2 107 54 354 55 486 54
354 4 2 107 54 485 54 354 486
355 4 2 107 54 55 354 486 487
356 4 2 107 54 355 56 487 55
357 4 2 107 54 354 55 355 487
358 4 2 107 54 56 355 487 253
359 4 2 107 54 241 7 253 56
360 4 2 107 54 355 56 241 253
361 4 2 107 54 81 93 83 433
362 4 2 107 54 433 301 323 81
363 4 2 107 54 83 81 433 323
364 4 2 107 54 301 433 323 302
365 4 2 107 54 434 302 324 323
366 4 2 107 54 433 302 434 323
367 4 2 107 54 302 434 324 303
368 4 2 107 54 435 303 325 324
369 4 2 107 54 434 303 435 324
370 4 2 107 54 303 435 325 304
371 4 2 107 54 436 304 326 325
372 4 2 107 54 435 304 436 325
373 4 2 107 54 304 436 326 305
374 4 2 107 54 437 305 327 326
375 4 2 107 54 436 305 437 326
376 4 2 107 54 305 437 327 306
377 4 2 107 54 438 306 328 327
378 4 2 107 54 437 306 438 327
379 4 2 107 54 306 438 328 307
380 4 2 107 54 439 307 329 328
381 4 2 107 54 438 307 439 328
382 4 2 107 54 307 439 329 308
383 4 2 107 54 440 308 330 329
384 4 2 107 54 439 308 440 329
385 4 2 107 54 308 440 330 309
386 4 2 107 54 441 309 331 330
387 4 2 107 54 440 309 441 330
388 4 2 107 54 309 441 331 310
389 4 2 107 54 442 310 332 331
390 4 2 107 54 441 310 442 331
391 4 2 107 54 310 442 332 311
392 4 2 107 54 443 311 333 332
393 4 2 107 54 442 311 443 332
394 4 2 107 54 311 443 333 237
395 4 2 107 54 249 237 239 333
396 4 2 107 54 443 237 249 333
397 4 2 107 54 78 93 94 444
398 4 2 107 54 433 268 444 78
399 4 2 107 54 93 78 433 444
400 4 2 107 54 268 433 444 269
401 4 2 107 54 434 269 445 444
402 4 2 107 54 433 269 434 444
403 4 2 107 54 269 434 445 435
404 4 2 107 54 435 270 446 269
405 4 2 107 54 445 269 435 446
406 4 2 107 54 270 435 446 436
407 4 2 107 54 436 271 447 270
408 4 2 107 54 446 270 436 447
409 4 2 107 54 271 436 447 437
410 4 2 107 54 437 272 448 271
411 4 2 107 54 447 271 437 448
412 4 2 107 54 272 437 448 273
413 4 2 107 54 438 273 449 448
414 4 2 107 54 437 273 438 448
415 4 2 107 54 273 438 449 274
416 4 2 107 54 439 274 450 449
417 4 2 107 54 438 274 439 449
418 4 2 107 54 274 439 450 275
419 4 2 107 54 440 275 451 450
420 4 2 107 54 439 275 440 450
421 4 2 107 54 275 440 451 276
422 4 2 107 54 441 276 452 451
423 4 2 107 54 440 276 441 451
424 4 2 107 54 276 441 452 277
425 4 2 107 54 442 277 453 441
426 4 2 107 54 441 277 453 452
427 4 2 107 54 277 442 453 278
428 4 2 107 54 443 278 454 442
429 4 2 107 54 442 278 454 453
430 4 2 107 54 278 443 454 234
431 4 2 107 54 249 234 250 443
432 4 2 107 54 443 234 250 454
433 4 2 107 54 78 94 84 444
434 4 2 107 54 444 268 334 78
435 4 2 107 54 84 78 444 334
436 4 2 107 54 268 444 334 269
437 4 2 107 54 445 269 335 334
438 4 2 107 54 444 269 445 334
439 4 2 107 54 269 445 335 336
440 4 2 107 54 446 270 336 269
441 4 2 107 54 445 269 446 336
442 4 2 107 54 270 446 336 337
443 4 2 107 54 447 271 337 270
444 4 2 107 54 446 270 447 337
445 4 2 107 54 271 447 337 338
446 4 2 107 54 448 272 338 271
447 4 2 107 54 447 271 448 338
448 4 2 107 54 272 448 338 339
449 4 2 107 54 449 273 339 448
450 4 2 107 54 448 273 339 272
451 4 2 107 54 273 449 339 340
452 4 2 107 54 450 274 340 449
453 4 2 107 54 449 274 340 273
454 4 2 107 54 274 450 340 275
455 4 2 107 54 451 275 341 450
456 4 2 107 54 450 275 341 340
457 4 2 107 54 275 451 341 276
458 4 2 107 54 452 276 342 451
459 4 2 107 54 451 276 342 341
460 4 2 107 54 276 452 342 277
461 4 2 107 54 453 277 343 452
462 4 2 107 54 452 277 343 342
463 4 2 107 54 277 453 343 278
464 4 2 107 54 454 278 344 453
465 4 2 107 54 453 278 344 343
466 4 2 107 54 278 454 344 234
467 4 2 107 54 250 234 240 344
468 4 2 107 54 454 234 250 344
469 4 2 107 54 79 97 85 477
470 4 2 107 54 477 279 345 79
471 4 2 107 54 85 79 477 345
472 4 2 107 54 279 477 345 280
473 4 2 107 54 478 280 346 477
474 4 2 107 54 477 280 346 345
475 4 2 107 54 280 478 346 281
476 4 2 107 54 479 281 347 346
477 4 2 107 54 478 281 479 346
478 4 2 107 54 281 479 347 282
479 4 2 107 54 480 282 348 347
480 4 2 107 54 479 282 480 347
481 4 2 107 54 282 480 348 283
482 4 2 107 54 481 283 349 348
483 4 2 107 54 480 283 481 348
484 4 2 107 54 283 481 349 284
485 4 2 107 54 482 284 350 349
486 4 2 107 54 481 284 482 349
487 4 2 107 54 284 482 350 285
488 4 2 107 54 483 285 351 482
489 4 2 107 54 482 285 351 350
490 4 2 107 54 285 483 351 286
491 4 2 107 54 484 286 352 483
492 4 2 107 54 483 286 352 351
493 4 2 107 54 286 484 352 287
494 4 2 107 54 485 287 353 484
495 4 2 107 54 484 287 353 352
496 4 2 107 54 287 485 353 288
497 4 2 107 54 486 288 354 485
498 4 2 107 54 485 288 354 353
499 4 2 107 54 288 486 354 289
500 4 2 107 54 487 289 355 354
501 4 2 107 54 486 289 487 354
502 4 2 107 54 289 487 355 235
503 4 2 107 54 253 235 241 355
504 4 2 107 54 487 235 253 355
505 4 2 107 54 80 85 98 488
506 4 2 107 54 345 290 488 80
507 4 2 107 54 85 80 345 488
508 4 2 107 54 290 345 488 291
509 4 2 107 54 346 291 489 345
510 4 2 107 54 345 291 489 488
511 4 2 107 54 291 346 489 292
512 4 2 107 54 347 292 490 346
513 4 2 107 54 346 292 490 489
514 4 2 107 54 292 347 490 293
515 4 2 107 54 348 293 491 347
516 4 2 107 54 347 293 491 490
517 4 2 107 54 293 348 491 294
518 4 2 107 54 349 294 492 348
519 4 2 107 54 348 294 492 491
520 4 2 107 54 294 349 492 493
521 4 2 107 54 350 295 493 349
522 4 2 107 54 349 295 493 294
523 4 2 107 54 295 350 493 494
524 4 2 107 54 351 296 494 350
525 4 2 107 54 350 296 494 295
526 4 2 107 54 296 351 494 495
527 4 2 107 54 352 297 495 351
528 4 2 107 54 351 297 495 296
529 4 2 107 54 297 352 495 496
530 4 2 107 54 353 298 496 352
531 4 2 107 54 352 298 496 297
532 4 2 107 54 298 353 496 497
533 4 2 107 54 354 299 497 353
534 4 2 107 54 353 299 497 298
535 4 2 107 54 299 354 497 498
536 4 2 107 54 355 300 498 354
537 4 2 107 54 354 300 498 299
538 4 2 107 54 300 355 498 254
539 4 2 107 54 241 236 254 355
540 4 2 107 54 355 236 254 300
541 4 2 107 54 81 96 93 466
542 4 2 107 54 466 301 433 81
543 4 2 107 54 93 81 466 433
544 4 2 107 54 301 466 433 467
545 4 2 107 54 467 302 434 433
546 4 2 107 54 301 302 467 433
547 4 2 107 54 302 467 434 303
548 4 2 107 54 468 303 435 434
549 4 2 107 54 467 303 468 434
550 4 2 107 54 303 468 435 304
551 4 2 107 54 469 304 436 435
552 4 2 107 54 468 304 469 435
553 4 2 107 54 304 469 436 470
554 4 2 107 54 470 305 437 436
555 4 2 107 54 304 305 470 436
556 4 2 107 54 305 470 437 306
557 4 2 107 54 471 306 438 437
558 4 2 107 54 470 306 471 437
559 4 2 107 54 306 471 438 307
560 4 2 107 54 472 307 439 438
561 4 2 107 54 471 307 472 438
562 4 2 107 54 307 472 439 308
563 4 2 107 54 473 308 440 439
564 4 2 107 54 472 308 473 439
565 4 2 107 54 308 473 440 309
566 4 2 107 54 474 309 441 440
567 4 2 107 54 473 309 474 440
568 4 2 107 54 309 474 441 475
569 4 2 107 54 475 310 442 441
570 4 2 107 54 309 310 475 441
571 4 2 107 54 310 475 442 476
572 4 2 107 54 476 311 443 442
573 4 2 107 54 310 311 476 442
574 4 2 107 54 311 476 443 237
575 4 2 107 54 252 237 249 476
576 4 2 107 54 476 237 249 443
577 4 2 107 54 4 87 18 60
578 4 2 107 54 367 60 200 18
579 4 2 107 54 87 60 367 18
580 4 2 107 54 60 367 200 368
581 4 2 107 54 368 61 201 60
582 4 2 107 54 200 60 368 201
583 4 2 107 54 61 368 201 369
584 4 2 107 54 369 62 202 61
585 4 2 107 54 201 61 369 202
586 4 2 107 54 62 369 202 370
587 4 2 107 54 370 63 203 62
588 4 2 107 54 202 62 370 203
589 4 2 107 54 63 370 203 371
590 4 2 107 54 371 64 204 63
591 4 2 107 54 203 63 371 204
592 4 2 107 54 64 371 204 372
593 4 2 107 54 372 65 205 64
594 4 2 107 54 204 64 372 205
595 4 2 107 54 65 372 205 373
596 4 2 107 54 373 66 206 65
597 4 2 107 54 205 65 373 206
598 4 2 107 54 66 373 206 374
599 4 2 107 54 374 67 207 66
600 4 2 107 54 206 66 374 207
601 4 2 107 54 67 374 207 375
602 4 2 107 54 375 68 208 67
603 4 2 107 54 207 67 375 208
604 4 2 107 54 68 375 208 376
605 4 2 107 54 376 69 209 68
606 4 2 107 54 208 68 376 209
607 4 2 107 54 69 376 209 377
608 4 2 107 54 377 70 210 69
609 4 2 107 54 209 69 377 210
610 4 2 107 54 70 377 210 243
611 4 2 107 54 243 8 74 70
612 4 2 107 54 210 70 243 74
613 4 2 107 54 15 86 16 356
614 4 2 107 54 356 167 178 16
615 4 2 107 54 15 167 356 16
616 4 2 107 54 167 356 178 357
617 4 2 107 54 357 168 179 178
618 4 2 107 54 167 168 357 178
619 4 2 107 54 168 357 179 358
620 4 2 107 54 358 169 180 179
621 4 2 107 54 168 169 358 179
622 4 2 107 54 169 358 180 359
623 4 2 107 54 359 170 181 180
624 4 2 107 54 169 170 359 180
625 4 2 107 54 170 359 181 360
626 4 2 107 54 360 171 182 170
627 4 2 107 54 181 170 360 182
628 4 2 107 54 171 360 182 361
629 4 2 107 54 361 172 183 171
630 4 2 107 54 182 171 361 183
631 4 2 107 54 172 361 183 362
632 4 2 107 54 362 173 184 172
633 4 2 107 54 183 172 362 184
634 4 2 107 54 173 362 184 363
635 4 2 107 54 363 174 185 173
636 4 2 107 54 184 173 363 185
637 4 2 107 54 174 363 185 364
638 4 2 107 54 364 175 186 185
639 4 2 107 54 174 175 364 185
640 4 2 107 54 175 364 186 365
641 4 2 107 54 365 176 187 186
642 4 2 107 54 175 176 365 186
643 4 2 107 54 176 365 187 366
644 4 2 107 54 366 177 188 187
645 4 2 107 54 176 177 366 187
646 4 2 107 54 177 366 188 242
647 4 2 107 54 242 71 72 188
648 4 2 107 54 177 71 242 188
649 4 2 107 54 11 89 84 389
650 4 2 107 54 389 123 334 11
651 4 2 107 54 84 11 389 334
652 4 2 107 54 123 389 334 390
653 4 2 107 54 390 124 335 123
654 4 2 107 54 334 123 390 335
655 4 2 107 54 124 390 335 391
656 4 2 107 54 391 125 336 124
657 4 2 107 54 335 124 391 336
658 4 2 107 54 125 391 336 392
659 4 2 107 54 392 126 337 125
660 4 2 107 54 336 125 392 337
661 4 2 107 54 126 392 337 393
662 4 2 107 54 393 127 338 126
663 4 2 107 54 337 126 393 338
664 4 2 107 54 127 393 338 394
665 4 2 107 54 394 128 339 127
666 4 2 107 54 338 127 394 339
667 4 2 107 54 128 394 339 395
668 4 2 107 54 395 129 340 128
669 4 2 107 54 339 128 395 340
670 4 2 107 54 129 395 340 396
671 4 2 107 54 396 130 341 129
672 4 2 107 54 340 129 396 341
673 4 2 107 54 130 396 341 342
674 4 2 107 54 397 131 342 130
675 4 2 107 54 396 130 397 342
676 4 2 107 54 131 397 342 343
677 4 2 107 54 398 132 343 131
678 4 2 107 54 397 131 398 343
679 4 2 107 54 132 398 343 344
680 4 2 107 54 399 133 344 132
681 4 2 107 54 398 132 399 344
682 4 2 107 54 133 399 344 245
683 4 2 107 54 245 45 240 133
684 4 2 107 54 344 133 245 240
685 4 2 107 54 20 91 83 411
686 4 2 107 54 411 222 323 20
687 4 2 107 54 83 20 411 323
688 4 2 107 54 222 411 323 324
689 4 2 107 54 412 223 324 222
690 4 2 107 54 411 222 412 324
691 4 2 107 54 223 412 324 325
692 4 2 107 54 413 224 325 223
693 4 2 107 54 412 223 413 325
694 4 2 107 54 224 413 325 326
695 4 2 107 54 414 225 326 224
696 4 2 107 54 413 224 414 326
697 4 2 107 54 225 414 326 327
698 4 2 107 54 415 226 327 225
699 4 2 107 54 414 225 415 327
700 4 2 107 54 226 415 327 416
701 4 2 107 54 416 227 328 226
702 4 2 107 54 327 226 416 328
703 4 2 107 54 227 416 328 417
704 4 2 107 54 417 228 329 227
705 4 2 107 54 328 227 417 329
706 4 2 107 54 228 417 329 418
707 4 2 107 54 418 229 330 228
708 4 2 107 54 329 228 418 330
709 4 2 107 54 229 418 330 419
710 4 2 107 54 419 230 331 229
711 4 2 107 54 330 229 419 331
712 4 2 107 54 230 419 331 420
713 4 2 107 54 420 231 332 230
714 4 2 107 54 331 230 420 332
715 4 2 107 54 231 420 332 421
716 4 2 107 54 421 232 333 231
717 4 2 107 54 332 231 421 333
718 4 2 107 54 232 421 333 247
719 4 2 107 54 247 76 239 232
720 4 2 107 54 333 232 247 239
721 4 2 107 54 1 83 90 21
722 4 2 107 54 323 21 400 83
723 4 2 107 54 83 21 400 90
724 4 2 107 54 21 323 400 401
725 4 2 107 54 324 22 401 21
726 4 2 107 54 323 21 324 401
727 4 2 107 54 22 324 401 325
728 4 2 107 54 325 23 402 22
729 4 2 107 54 401 22 325 402
730 4 2 107 54 23 325 402 326
731 4 2 107 54 326 24 403 23
732 4 2 107 54 402 23 326 403
733 4 2 107 54 24 326 403 327
734 4 2 107 54 327 25 404 24
735 4 2 107 54 403 24 327 404
736 4 2 107 54 25 327 404 328
737 4 2 107 54 328 26 405 25
738 4 2 107 54 404 25 328 405
739 4 2 107 54 26 328 405 329
740 4 2 107 54 329 27 406 26
741 4 2 107 54 405 26 329 406
742 4 2 107 54 27 329 406 330
743 4 2 107 54 330 28 407 27
744 4 2 107 54 406 27 330 407
745 4 2 107 54 28 330 407 331
746 4 2 107 54 331 29 408 28
747 4 2 107 54 407 28 331 408
748 4 2 107 54 29 331 408 332
749 4 2 107 54 332 30 409 29
750 4 2 107 54 408 29 332 409
751 4 2 107 54 30 332 409 333
752 4 2 107 54 333 31 410 30
753 4 2 107 54 409 30 333 410
754 4 2 107 54 31 333 410 239
755 4 2 107 54 239 5 246 31
756 4 2 107 54 410 31 239 246
757 4 2 107 54 2 84 88 32
758 4 2 107 54 334 32 378 84
759 4 2 107 54 84 32 378 88
760 4 2 107 54 32 334 378 335
761 4 2 107 54 335 33 379 32
762 4 2 107 54 378 32 335 379
763 4 2 107 54 33 335 379 336
764 4 2 107 54 336 34 380 33
765 4 2 107 54 379 33 336 380
766 4 2 107 54 34 336 380 337
767 4 2 107 54 337 35 381 34
768 4 2 107 54 380 34 337 381
769 4 2 107 54 35 337 381 338
770 4 2 107 54 338 36 382 35
771 4 2 107 54 381 35 338 382
772 4 2 107 54 36 338 382 383
773 4 2 107 54 339 37 383 36
774 4 2 107 54 338 36 339 383
775 4 2 107 54 37 339 383 384
776 4 2 107 54 340 38 384 37
777 4 2 107 54 339 37 340 384
778 4 2 107 54 38 340 384 385
779 4 2 107 54 341 39 385 38
780 4 2 107 54 340 38 341 385
781 4 2 107 54 39 341 385 386
782 4 2 107 54 342 40 386 39
783 4 2 107 54 341 39 342 386
784 4 2 107 54 40 342 386 387
785 4 2 107 54 343 41 387 40
786 4 2 107 54 342 40 343 387
787 4 2 107 54 41 343 387 388
788 4 2 107 54 344 42 388 41
789 4 2 107 54 343 41 344 388
790 4 2 107 54 42 344 388 244
791 4 2 107 54 240 6 244 42
792 4 2 107 54 344 42 240 244
793 4 2 107 54 78 90 83 400
794 4 2 107 54 400 268 323 78
795 4 2 107 54 83 78 400 323
796 4 2 107 54 268 400 323 269
797 4 2 107 54 401 269 324 323
798 4 2 107 54 400 269 401 323
799 4 2 107 54 269 401 324 325
800 4 2 107 54 402 270 325 401
801 4 2 107 54 401 270 325 269
802 4 2 107 54 270 402 325 326
803 4 2 107 54 403 271 326 402
804 4 2 107 54 402 271 326 270
805 4 2 107 54 271 403 326 327
806 4 2 107 54 404 272 327 403
807 4 2 107 54 403 272 327 271
808 4 2 107 54 272 404 327 273
809 4 2 107 54 405 273 328 404
810 4 2 107 54 404 273 328 327
811 4 2 107 54 273 405 328 274
812 4 2 107 54 406 274 329 405
813 4 2 107 54 405 274 329 328
814 4 2 107 54 274 406 329 275
815 4 2 107 54 407 275 330 406
816 4 2 107 54 406 275 330 329
817 4 2 107 54 275 407 330 276
818 4 2 107 54 408 276 331 407
819 4 2 107 54 407 276 331 330
820 4 2 107 54 276 408 331 277
821 4 2 107 54 409 277 332 408
822 4 2 107 54 408 277 332 331
823 4 2 107 54 277 409 332 278
824 4 2 107 54 410 278 333 409
825 4 2 107 54 409 278 333 332
826 4 2 107 54 278 410 333 234
827 4 2 107 54 246 234 239 410
828 4 2 107 54 410 234 239 333
829 4 2 107 54 81 83 91 411
830 4 2 107 54 323 301 411 81
831 4 2 107 54 83 81 323 411
832 4 2 107 54 301 323 411 302
833 4 2 107 54 324 302 412 411
834 4 2 107 54 323 302 324 411
835 4 2 107 54 302 324 412 303
836 4 2 107 54 325 303 413 412
837 4 2 107 54 324 303 325 412
838 4 2 107 54 303 325 413 304
839 4 2 107 54 326 304 414 413
840 4 2 107 54 325 304 326 413
841 4 2 107 54 304 326 414 305
842 4 2 107 54 327 305 415 414
843 4 2 107 54 326 305 327 414
844 4 2 107 54 305 327 415 306
845 4 2 107 54 328 306 416 327
846 4 2 107 54 327 306 416 415
847 4 2 107 54 306 328 416 307
848 4 2 107 54 329 307 417 328
849 4 2 107 54 328 307 417 416
850 4 2 107 54 307 329 417 308
851 4 2 107 54 330 308 418 329
852 4 2 107 54 329 308 418 417
853 4 2 107 54 308 330 418 309
854 4 2 107 54 331 309 419 330
855 4 2 107 54 330 309 419 418
856 4 2 107 54 309 331 419 310
857 4 2 107 54 332 310 420 331
858 4 2 107 54 331 310 420 419
859 4 2 107 54 310 332 420 311
860 4 2 107 54 333 311 421 332
861 4 2 107 54 332 311 421 420
862 4 2 107 54 311 333 421 237
863 4 2 107 54 239 237 247 333
864 4 2 107 54 333 237 247 421
865 4 2 107 54 78 84 89 389
866 4 2 107 54 334 268 389 78
867 4 2 107 54 84 78 334 389
868 4 2 107 54 268 334 389 390
869 4 2 107 54 335 269 390 334
870 4 2 107 54 334 269 390 268
871 4 2 107 54 269 335 390 391
872 4 2 107 54 336 270 391 269
873 4 2 107 54 335 269 336 391
874 4 2 107 54 270 336 391 392
875 4 2 107 54 337 271 392 270
876 4 2 107 54 336 270 337 392
877 4 2 107 54 271 337 392 393
878 4 2 107 54 338 272 393 271
879 4 2 107 54 337 271 338 393
880 4 2 107 54 272 338 393 394
881 4 2 107 54 339 273 394 272
882 4 2 107 54 338 272 339 394
883 4 2 107 54 273 339 394 395
884 4 2 107 54 340 274 395 273
885 4 2 107 54 339 273 340 395
886 4 2 107 54 274 340 395 275
887 4 2 107 54 341 275 396 340
888 4 2 107 54 340 275 396 395
889 4 2 107 54 275 341 396 276
890 4 2 107 54 342 276 397 396
891 4 2 107 54 341 276 342 396
892 4 2 107 54 276 342 397 277
893 4 2 107 54 343 277 398 397
894 4 2 107 54 342 277 343 397
895 4 2 107 54 277 343 398 278
896 4 2 107 54 344 278 399 398
897 4 2 107 54 343 278 344 398
898 4 2 107 54 278 344 399 234
899 4 2 107 54 240 234 245 344
900 4 2 107 54 344 234 245 399
901 4 2 107 54 80 88 84 378
902 4 2 107 54 378 290 334 80
903 4 2 107 54 84 80 378 334
904 4 2 107 54 290 378 334 291
905 4 2 107 54 379 291 335 378
906 4 2 107 54 378 291 335 334
907 4 2 107 54 291 379 335 292
908 4 2 107 54 380 292 336 379
909 4 2 107 54 379 292 336 335
910 4 2 107 54 292 380 336 293
911 4 2 107 54 381 293 337 380
912 4 2 107 54 380 293 337 336
913 4 2 107 54 293 381 337 294
914 4 2 107 54 382 294 338 381
915 4 2 107 54 381 294 338 337
916 4 2 107 54 294 382 338 383
917 4 2 107 54 383 295 339 338
918 4 2 107 54 294 295 383 338
919 4 2 107 54 295 383 339 384
920 4 2 107 54 384 296 340 339
921 4 2 107 54 295 296 384 339
922 4 2 107 54 296 384 340 297
923 4 2 107 54 385 297 341 340
924 4 2 107 54 384 297 385 340
925 4 2 107 54 297 385 341 298
926 4 2 107 54 386 298 342 341
927 4 2 107 54 385 298 386 341
928 4 2 107 54 298 386 342 299
929 4 2 107 54 387 299 343 342
930 4 2 107 54 386 299 387 342
931 4 2 107 54 299 387 343 300
932 4 2 107 54 388 300 344 343
933 4 2 107 54 387 300 388 343
934 4 2 107 54 300 388 344 236
935 4 2 107 54 244 236 240 344
936 4 2 107 54 388 236 244 344
937 4 2 107 54 78 83 93 433
938 4 2 107 54 323 268 433 78
939 4 2 107 54 83 78 323 433
940 4 2 107 54 268 323 433 269
941 4 2 107 54 324 269 434 323
942 4 2 107 54 323 269 434 433
943 4 2 107 54 269 324 434 435
944 4 2 107 54 325 270 435 269
945 4 2 107 54 324 269 325 435
946 4 2 107 54 270 325 435 436
947 4 2 107 54 326 271 436 270
948 4 2 107 54 325 270 326 436
949 4 2 107 54 271 326 436 437
950 4 2 107 54 327 272 437 271
951 4 2 107 54 326 271 327 437
952 4 2 107 54 272 327 437 273
953 4 2 107 54 328 273 438 327
954 4 2 107 54 327 273 438 437
955 4 2 107 54 273 328 438 274
956 4 2 107 54 329 274 439 328
957 4 2 107 54 328 274 439 438
958 4 2 107 54 274 329 439 275
959 4 2 107 54 330 275 440 329
960 4 2 107 54 329 275 440 439
961 4 2 107 54 275 330 440 276
962 4 2 107 54 331 276 441 330
963 4 2 107 54 330 276 441 440
964 4 2 107 54 276 331 441 277
965 4 2 107 54 332 277 442 331
966 4 2 107 54 331 277 442 441
967 4 2 107 54 277 332 442 278
968 4 2 107 54 333 278 443 332
969 4 2 107 54 332 278 443 442
970 4 2 107 54 278 333 443 234
971 4 2 107 54 239 234 249 333
972 4 2 107 54 333 234 249 443
973 4 2 107 54 77 94 93 444
974 4 2 107 54 444 257 433 77
975 4 2 107 54 93 77 444 433
976 4 2 107 54 257 444 433 434
977 4 2 107 54 445 258 434 257
978 4 2 107 54 444 257 445 434
979 4 2 107 54 258 445 434 259
980 4 2 107 54 446 259 435 445
981 4 2 107 54 445 259 435 434
982 4 2 107 54 259 446 435 260
983 4 2 107 54 447 260 436 446
984 4 2 107 54 446 260 436 435
985 4 2 107 54 260 447 436 261
986 4 2 107 54 448 261 437 447
987 4 2 107 54 447 261 437 436
988 4 2 107 54 261 448 437 438
989 4 2 107 54 449 262 438 261
990 4 2 107 54 448 261 449 438
991 4 2 107 54 262 449 438 439
992 4 2 107 54 450 263 439 262
993 4 2 107 54 449 262 450 439
994 4 2 107 54 263 450 439 440
995 4 2 107 54 451 264 440 450
996 4 2 107 54 450 264 440 263
997 4 2 107 54 264 451 440 441
998 4 2 107 54 452 265 441 451
999 4 2 107 54 451 265 441 264
1000 4 2 107 54 265 452 441 453
1001 4 2 107 54 453 266 442 265
1002 4 2 107 54 441 265 453 442
1003 4 2 107 54 266 453 442 454
1004 4 2 107 54 454 267 443 266
1005 4 2 107 54 442 266 454 443
1006 4 2 107 54 267 454 443 233
1007 4 2 107 54 250 233 249 443
1008 4 2 107 54 454 233 250 443
1009 4 2 107 54 80 84 94 444
1010 4 2 107 54 334 290 444 80
1011 4 2 107 54 84 80 334 444
1012 4 2 107 54 290 334 444 291
1013 4 2 107 54 335 291 445 334
1014 4 2 107 54 334 291 445 444
1015 4 2 107 54 291 335 445 292
1016 4 2 107 54 336 292 446 445
1017 4 2 107 54 335 292 336 445
1018 4 2 107 54 292 336 446 293
1019 4 2 107 54 337 293 447 446
1020 4 2 107 54 336 293 337 446
1021 4 2 107 54 293 337 447 294
1022 4 2 107 54 338 294 448 447
1023 4 2 107 54 337 294 338 447
1024 4 2 107 54 294 338 448 295
1025 4 2 107 54 339 295 449 448
1026 4 2 107 54 338 295 339 448
1027 4 2 107 54 295 339 449 296
1028 4 2 107 54 340 296 450 449
1029 4 2 107 54 339 296 340 449
1030 4 2 107 54 296 340 450 297
1031 4 2 107 54 341 297 451 450
1032 4 2 107 54 340 297 341 450
1033 4 2 107 54 297 341 451 298
1034 4 2 107 54 342 298 452 451
1035 4 2 107 54 341 298 342 451
1036 4 2 107 54 298 342 452 299
1037 4 2 107 54 343 299 453 452
1038 4 2 107 54 342 299 343 452
1039 4 2 107 54 299 343 453 300
1040 4 2 107 54 344 300 454 453
1041 4 2 107 54 343 300 344 453
1042 4 2 107 54 300 344 454 236
1043 4 2 107 54 240 236 250 344
1044 4 2 107 54 344 236 250 454
1045 4 2 107 54 18 87 100 510
1046 4 2 107 54 367 200 510 18
1047 4 2 107 54 87 18 367 510
1048 4 2 107 54 200 367 510 511
1049 4 2 107 54 368 201 511 200
1050 4 2 107 54 367 200 368 511
1051 4 2 107 54 201 368 511 512
1052 4 2 107 54 369 202 512 201
1053 4 2 107 54 368 201 369 512
1054 4 2 107 54 202 369 512 513
1055 4 2 107 54 370 203 513 202
1056 4 2 107 54 369 202 370 513
1057 4 2 107 54 203 370 513 514
1058 4 2 107 54 371 204 514 203
1059 4 2 107 54 370 203 371 514
1060 4 2 107 54 204 371 514 515
1061 4 2 107 54 372 205 515 204
1062 4 2 107 54 371 204 372 515
1063 4 2 107 54 205 372 515 516
1064 4 2 107 54 373 206 516 205
1065 4 2 107 54 372 205 373 516
1066 4 2 107 54 206 373 516 517
1067 4 2 107 54 374 207 517 206
1068 4 2 107 54 373 206 374 517
1069 4 2 107 54 207 374 517 375
1070 4 2 107 54 375 208 518 207
1071 4 2 107 54 517 207 375 518
1072 4 2 107 54 208 375 518 376
1073 4 2 107 54 376 209 519 208
1074 4 2 107 54 518 208 376 519
1075 4 2 107 54 209 376 519 520
1076 4 2 107 54 377 210 520 209
1077 4 2 107 54 376 209 377 520
1078 4 2 107 54 210 377 520 256
1079 4 2 107 54 243 74 256 210
1080 4 2 107 54 377 210 243 256
1081 4 2 107 54 15 97 86 477
1082 4 2 107 54 477 167 356 15
1083 4 2 107 54 86 15 477 356
1084 4 2 107 54 167 477 356 357
1085 4 2 107 54 478 168 357 167
1086 4 2 107 54 477 167 478 357
1087 4 2 107 54 168 478 357 479
1088 4 2 107 54 479 169 358 168
1089 4 2 107 54 357 168 479 358
1090 4 2 107 54 169 479 358 480
1091 4 2 107 54 480 170 359 169
1092 4 2 107 54 358 169 480 359
1093 4 2 107 54 170 480 359 481
1094 4 2 107 54 481 171 360 170
1095 4 2 107 54 359 170 481 360
1096 4 2 107 54 171 481 360 482
1097 4 2 107 54 482 172 361 171
1098 4 2 107 54 360 171 482 361
1099 4 2 107 54 172 482 361 362
1100 4 2 107 54 483 173 362 172
1101 4 2 107 54 482 172 483 362
1102 4 2 107 54 173 483 362 363
1103 4 2 107 54 484 174 363 173
1104 4 2 107 54 483 173 484 363
1105 4 2 107 54 174 484 363 364
1106 4 2 107 54 485 175 364 174
1107 4 2 107 54 484 174 485 364
1108 4 2 107 54 175 485 364 365
1109 4 2 107 54 486 176 365 175
1110 4 2 107 54 485 175 486 365
1111 4 2 107 54 176 486 365 487
1112 4 2 107 54 487 177 366 176
1113 4 2 107 54 365 176 487 366
1114 4 2 107 54 177 487 366 253
1115 4 2 107 54 253 71 242 177
1116 4 2 107 54 366 177 253 242
1117 4 2 107 54 82 96 87 466
1118 4 2 107 54 466 312 367 82
1119 4 2 107 54 87 82 466 367
1120 4 2 107 54 312 466 367 467
1121 4 2 107 54 467 313 368 367
1122 4 2 107 54 312 313 467 367
1123 4 2 107 54 313 467 368 468
1124 4 2 107 54 468 314 369 368
1125 4 2 107 54 313 314 468 368
1126 4 2 107 54 314 468 369 469
1127 4 2 107 54 469 315 370 369
1128 4 2 107 54 314 315 469 369
1129 4 2 107 54 315 469 370 470
1130 4 2 107 54 470 316 371 315
1131 4 2 107 54 370 315 470 371
1132 4 2 107 54 316 470 371 471
1133 4 2 107 54 471 317 372 316
1134 4 2 107 54 371 316 471 372
1135 4 2 107 54 317 471 372 472
1136 4 2 107 54 472 318 373 372
1137 4 2 107 54 317 318 472 372
1138 4 2 107 54 318 472 373 473
1139 4 2 107 54 473 319 374 373
1140 4 2 107 54 318 319 473 373
1141 4 2 107 54 319 473 374 375
1142 4 2 107 54 474 320 375 319
1143 4 2 107 54 473 319 474 375
1144 4 2 107 54 320 474 375 475
1145 4 2 107 54 475 321 376 320
1146 4 2 107 54 375 320 475 376
1147 4 2 107 54 321 475 376 476
1148 4 2 107 54 476 322 377 376
1149 4 2 107 54 321 322 476 376
1150 4 2 107 54 322 476 377 238
1151 4 2 107 54 252 238 243 476
1152 4 2 107 54 476 238 243 377
1153 4 2 107 54 2 88 12 32
1154 4 2 107 54 378 32 134 12
1155 4 2 107 54 88 32 378 12
1156 4 2 107 54 32 378 134 379
1157 4 2 107 54 379 33 135 134
1158 4 2 107 54 32 33 379 134
1159 4 2 107 54 33 379 135 380
1160 4 2 107 54 380 34 136 135
1161 4 2 107 54 33 34 380 135
1162 4 2 107 54 34 380 136 381
1163 4 2 107 54 381 35 137 136
1164 4 2 107 54 34 35 381 136
1165 4 2 107 54 35 381 137 382
1166 4 2 107 54 382 36 138 137
1167 4 2 107 54 35 36 382 137
1168 4 2 107 54 36 382 138 383
1169 4 2 107 54 383 37 139 138
1170 4 2 107 54 36 37 383 138
1171 4 2 107 54 37 383 139 384
1172 4 2 107 54 384 38 140 139
1173 4 2 107 54 37 38 384 139
1174 4 2 107 54 38 384 140 385
1175 4 2 107 54 385 39 141 140
1176 4 2 107 54 38 39 385 140
1177 4 2 107 54 39 385 141 386
1178 4 2 107 54 386 40 142 141
1179 4 2 107 54 39 40 386 141
1180 4 2 107 54 40 386 142 387
1181 4 2 107 54 387 41 143 142
1182 4 2 107 54 40 41 387 142
1183 4 2 107 54 41 387 143 388
1184 4 2 107 54 388 42 144 143
1185 4 2 107 54 41 42 388 143
1186 4 2 107 54 42 388 144 244
1187 4 2 107 54 244 6 57 144
1188 4 2 107 54 42 6 244 144
1189 4 2 107 54 1 90 9 21
1190 4 2 107 54 400 21 101 9
1191 4 2 107 54 90 21 400 9
1192 4 2 107 54 21 400 101 401
1193 4 2 107 54 401 22 102 101
1194 4 2 107 54 21 22 401 101
1195 4 2 107 54 22 401 102 402
1196 4 2 107 54 402 23 103 102
1197 4 2 107 54 22 23 402 102
1198 4 2 107 54 23 402 103 403
1199 4 2 107 54 403 24 104 103
1200 4 2 107 54 23 24 403 103
1201 4 2 107 54 24 403 104 404
1202 4 2 107 54 404 25 105 104
1203 4 2 107 54 24 25 404 104
1204 4 2 107 54 25 404 105 405
1205 4 2 107 54 405 26 106 105
1206 4 2 107 54 25 26 405 105
1207 4 2 107 54 26 405 106 406
1208 4 2 107 54 406 27 107 106
1209 4 2 107 54 26 27 406 106
1210 4 2 107 54 27 406 107 407
1211 4 2 107 54 407 28 108 107
1212 4 2 107 54 27 28 407 107
1213 4 2 107 54 28 407 108 408
1214 4 2 107 54 408 29 109 108
1215 4 2 107 54 28 29 408 108
1216 4 2 107 54 29 408 109 409
1217 4 2 107 54 409 30 110 109
1218 4 2 107 54 29 30 409 109
1219 4 2 107 54 30 409 110 410
1220 4 2 107 54 410 31 111 110
1221 4 2 107 54 30 31 410 110
1222 4 2 107 54 31 410 111 246
1223 4 2 107 54 246 5 43 111
1224 4 2 107 54 31 5 246 111
1225 4 2 107 54 10 89 11 389
1226 4 2 107 54 389 112 123 10
1227 4 2 107 54 11 10 389 123
1228 4 2 107 54 112 389 123 390
1229 4 2 107 54 390 113 124 112
1230 4 2 107 54 123 112 390 124
1231 4 2 107 54 113 390 124 391
1232 4 2 107 54 391 114 125 124
1233 4 2 107 54 113 114 391 124
1234 4 2 107 54 114 391 125 392
1235 4 2 107 54 392 115 126 125
1236 4 2 107 54 114 115 392 125
1237 4 2 107 54 115 392 126 393
1238 4 2 107 54 393 116 127 126
1239 4 2 107 54 115 116 393 126
1240 4 2 107 54 116 393 127 394
1241 4 2 107 54 394 117 128 127
1242 4 2 107 54 116 117 394 127
1243 4 2 107 54 117 394 128 395
1244 4 2 107 54 395 118 129 117
1245 4 2 107 54 128 117 395 129
1246 4 2 107 54 118 395 129 396
1247 4 2 107 54 396 119 130 118
1248 4 2 107 54 129 118 396 130
1249 4 2 107 54 119 396 130 397
1250 4 2 107 54 397 120 131 130
1251 4 2 107 54 119 120 397 130
1252 4 2 107 54 120 397 131 398
1253 4 2 107 54 398 121 132 120
1254 4 2 107 54 131 120 398 132
1255 4 2 107 54 121 398 132 399
1256 4 2 107 54 399 122 133 132
1257 4 2 107 54 121 122 399 132
1258 4 2 107 54 122 399 133 245
1259 4 2 107 54 245 44 45 122
1260 4 2 107 54 133 122 245 45
1261 4 2 107 54 19 91 20 411
1262 4 2 107 54 411 211 222 19
1263 4 2 107 54 20 19 411 222
1264 4 2 107 54 211 411 222 412
1265 4 2 107 54 412 212 223 222
1266 4 2 107 54 211 212 412 222
1267 4 2 107 54 212 412 223 413
1268 4 2 107 54 413 213 224 212
1269 4 2 107 54 223 212 413 224
1270 4 2 107 54 213 413 224 414
1271 4 2 107 54 414 214 225 213
1272 4 2 107 54 224 213 414 225
1273 4 2 107 54 214 414 225 415
1274 4 2 107 54 415 215 226 214
1275 4 2 107 54 225 214 415 226
1276 4 2 107 54 215 415 226 416
1277 4 2 107 54 416 216 227 226
1278 4 2 107 54 215 216 416 226
1279 4 2 107 54 216 416 227 417
1280 4 2 107 54 417 217 228 227
1281 4 2 107 54 216 217 417 227
1282 4 2 107 54 217 417 228 418
1283 4 2 107 54 418 218 229 228
1284 4 2 107 54 217 218 418 228
1285 4 2 107 54 218 418 229 419
1286 4 2 107 54 419 219 230 229
1287 4 2 107 54 218 219 419 229
1288 4 2 107 54 219 419 230 420
1289 4 2 107 54 420 220 231 230
1290 4 2 107 54 219 220 420 230
1291 4 2 107 54 220 420 231 421
1292 4 2 107 54 421 221 232 220
1293 4 2 107 54 231 220 421 232
1294 4 2 107 54 221 421 232 247
1295 4 2 107 54 247 75 76 232
1296 4 2 107 54 221 75 247 232
1297 4 2 107 54 81 87 96 466
1298 4 2 107 54 367 301 466 81
1299 4 2 107 54 87 81 367 466
1300 4 2 107 54 301 367 466 467
1301 4 2 107 54 368 302 467 367
1302 4 2 107 54 367 302 467 301
1303 4 2 107 54 302 368 467 303
1304 4 2 107 54 369 303 468 368
1305 4 2 107 54 368 303 468 467
1306 4 2 107 54 303 369 468 304
1307 4 2 107 54 370 304 469 369
1308 4 2 107 54 369 304 469 468
1309 4 2 107 54 304 370 469 470
1310 4 2 107 54 371 305 470 370
1311 4 2 107 54 370 305 470 304
1312 4 2 107 54 305 371 470 306
1313 4 2 107 54 372 306 471 371
1314 4 2 107 54 371 306 471 470
1315 4 2 107 54 306 372 471 307
1316 4 2 107 54 373 307 472 372
1317 4 2 107 54 372 307 472 471
1318 4 2 107 54 307 373 472 308
1319 4 2 107 54 374 308 473 373
1320 4 2 107 54 373 308 473 472
1321 4 2 107 54 308 374 473 375
1322 4 2 107 54 375 309 474 473
1323 4 2 107 54 308 309 375 473
1324 4 2 107 54 309 375 474 475
1325 4 2 107 54 376 310 475 309
1326 4 2 107 54 375 309 376 475
1327 4 2 107 54 310 376 475 476
1328 4 2 107 54 377 311 476 376
1329 4 2 107 54 376 311 476 310
1330 4 2 107 54 311 377 476 237
1331 4 2 107 54 243 237 252 476
1332 4 2 107 54 377 237 243 476
1333 4 2 107 54 79 95 86 455
1334 4 2 107 54 455 279 356 79
1335 4 2 107 54 86 79 455 356
1336 4 2 107 54 279 455 356 280
1337 4 2 107 54 456 280 357 356
1338 4 2 107 54 455 280 456 356
1339 4 2 107 54 280 456 357 281
1340 4 2 107 54 457 281 358 357
1341 4 2 107 54 456 281 457 357
1342 4 2 107 54 281 457 358 282
1343 4 2 107 54 458 282 359 358
1344 4 2 107 54 457 282 458 358
1345 4 2 107 54 282 458 359 283
1346 4 2 107 54 459 283 360 359
1347 4 2 107 54 458 283 459 359
1348 4 2 107 54 283 459 360 284
1349 4 2 107 54 460 284 361 360
1350 4 2 107 54 459 284 460 360
1351 4 2 107 54 284 460 361 285
1352 4 2 107 54 461 285 362 361
1353 4 2 107 54 460 285 461 361
1354 4 2 107 54 285 461 362 286
1355 4 2 107 54 462 286 363 362
1356 4 2 107 54 461 286 462 362
1357 4 2 107 54 286 462 363 287
1358 4 2 107 54 463 287 364 363
1359 4 2 107 54 462 287 463 363
1360 4 2 107 54 287 463 364 464
1361 4 2 107 54 464 288 365 364
1362 4 2 107 54 287 288 464 364
1363 4 2 107 54 288 464 365 465
1364 4 2 107 54 465 289 366 365
1365 4 2 107 54 288 289 465 365
1366 4 2 107 54 289 465 366 251
1367 4 2 107 54 251 235 242 366
1368 4 2 107 54 289 235 251 366
1369 4 2 107 54 82 86 95 455
1370 4 2 107 54 356 312 455 82
1371 4 2 107 54 86 82 356 455
1372 4 2 107 54 312 356 455 456
1373 4 2 107 54 357 313 456 356
1374 4 2 107 54 356 313 456 312
1375 4 2 107 54 313 357 456 457
1376 4 2 107 54 358 314 457 357
1377 4 2 107 54 357 314 457 313
1378 4 2 107 54 314 358 457 458
1379 4 2 107 54 359 315 458 358
1380 4 2 107 54 358 315 458 314
1381 4 2 107 54 315 359 458 459
1382 4 2 107 54 360 316 459 359
1383 4 2 107 54 359 316 459 315
1384 4 2 107 54 316 360 459 460
1385 4 2 107 54 361 317 460 360
1386 4 2 107 54 360 317 460 316
1387 4 2 107 54 317 361 460 461
1388 4 2 107 54 362 318 461 361
1389 4 2 107 54 361 318 461 317
1390 4 2 107 54 318 362 461 462
1391 4 2 107 54 363 319 462 362
1392 4 2 107 54 362 319 462 318
1393 4 2 107 54 319 363 462 463
1394 4 2 107 54 364 320 463 363
1395 4 2 107 54 363 320 463 319
1396 4 2 107 54 320 364 463 464
1397 4 2 107 54 365 321 464 320
1398 4 2 107 54 364 320 365 464
1399 4 2 107 54 321 365 464 465
1400 4 2 107 54 366 322 465 321
1401 4 2 107 54 365 321 366 465
1402 4 2 107 54 322 366 465 251
1403 4 2 107 54 242 238 251 322
1404 4 2 107 54 366 322 242 251
1405 4 2 107 54 12 98 13 488
1406 4 2 107 54 488 134 145 12
1407 4 2 107 54 13 12 488 145
1408 4 2 107 54 134 488 145 489
1409 4 2 107 54 489 135 146 134
1410 4 2 107 54 145 134 489 146
1411 4 2 107 54 135 489 146 490
1412 4 2 107 54 490 136 147 146
1413 4 2 107 54 135 136 490 146
1414 4 2 107 54 136 490 147 491
1415 4 2 107 54 491 137 148 136
1416 4 2 107 54 147 136 491 148
1417 4 2 107 54 137 491 148 492
1418 4 2 107 54 492 138 149 148
1419 4 2 107 54 137 138 492 148
1420 4 2 107 54 138 492 149 493
1421 4 2 107 54 493 139 150 138
1422 4 2 107 54 149 138 493 150
1423 4 2 107 54 139 493 150 494
1424 4 2 107 54 494 140 151 150
1425 4 2 107 54 139 140 494 150
1426 4 2 107 54 140 494 151 495
1427 4 2 107 54 495 141 152 140
1428 4 2 107 54 151 140 495 152
1429 4 2 107 54 141 495 152 496
1430 4 2 107 54 496 142 153 141
1431 4 2 107 54 152 141 496 153
1432 4 2 107 54 142 496 153 497
1433 4 2 107 54 497 143 154 153
1434 4 2 107 54 142 143 497 153
1435 4 2 107 54 143 497 154 498
1436 4 2 107 54 498 144 155 154
1437 4 2 107 54 143 144 498 154
1438 4 2 107 54 144 498 155 254
1439 4 2 107 54 254 57 58 144
1440 4 2 107 54 155 144 254 58
1441 4 2 107 54 18 100 19 510
1442 4 2 107 54 510 200 211 19
1443 4 2 107 54 18 200 510 19
1444 4 2 107 54 200 510 211 511
1445 4 2 107 54 511 201 212 200
1446 4 2 107 54 211 200 511 212
1447 4 2 107 54 201 511 212 512
1448 4 2 107 54 512 202 213 212
1449 4 2 107 54 201 202 512 212
1450 4 2 107 54 202 512 213 513
1451 4 2 107 54 513 203 214 213
1452 4 2 107 54 202 203 513 213
1453 4 2 107 54 203 513 214 514
1454 4 2 107 54 514 204 215 214
1455 4 2 107 54 203 204 514 214
1456 4 2 107 54 204 514 215 515
1457 4 2 107 54 515 205 216 204
1458 4 2 107 54 215 204 515 216
1459 4 2 107 54 205 515 216 516
1460 4 2 107 54 516 206 217 216
1461 4 2 107 54 205 206 516 216
1462 4 2 107 54 206 516 217 517
1463 4 2 107 54 517 207 218 206
1464 4 2 107 54 217 206 517 218
1465 4 2 107 54 207 517 218 518
1466 4 2 107 54 518 208 219 218
1467 4 2 107 54 207 208 518 218
1468 4 2 107 54 208 518 219 519
1469 4 2 107 54 519 209 220 208
1470 4 2 107 54 219 208 519 220
1471 4 2 107 54 209 519 220 520
1472 4 2 107 54 520 210 221 220
1473 4 2 107 54 209 210 520 220
1474 4 2 107 54 210 520 221 256
1475 4 2 107 54 256 74 75 210
1476 4 2 107 54 221 210 256 75
1477 4 2 107 54 3 97 15 46
1478 4 2 107 54 477 46 167 15
1479 4 2 107 54 97 46 477 15
1480 4 2 107 54 46 477 167 478
1481 4 2 107 54 478 47 168 46
1482 4 2 107 54 167 46 478 168
1483 4 2 107 54 47 478 168 479
1484 4 2 107 54 479 48 169 47
1485 4 2 107 54 168 47 479 169
1486 4 2 107 54 48 479 169 480
1487 4 2 107 54 480 49 170 48
1488 4 2 107 54 169 48 480 170
1489 4 2 107 54 49 480 170 481
1490 4 2 107 54 481 50 171 49
1491 4 2 107 54 170 49 481 171
1492 4 2 107 54 50 481 171 482
1493 4 2 107 54 482 51 172 50
1494 4 2 107 54 171 50 482 172
1495 4 2 107 54 51 482 172 483
1496 4 2 107 54 483 52 173 51
1497 4 2 107 54 172 51 483 173
1498 4 2 107 54 52 483 173 484
1499 4 2 107 54 484 53 174 52
1500 4 2 107 54 173 52 484 174
1501 4 2 107 54 53 484 174 485
1502 4 2 107 54 485 54 175 53
1503 4 2 107 54 174 53 485 175
1504 4 2 107 54 54 485 175 486
1505 4 2 107 54 486 55 176 54
1506 4 2 107 54 175 54 486 176
1507 4 2 107 54 55 486 176 487
1508 4 2 107 54 487 56 177 55
1509 4 2 107 54 176 55 487 177
1510 4 2 107 54 56 487 177 253
1511 4 2 107 54 253 7 71 56
1512 4 2 107 54 177 56 253 71
1513 4 2 107 54 9 99 10 499
1514 4 2 107 54 499 101 112 10
1515 4 2 107 54 9 101 499 10
1516 4 2 107 54 101 499 112 500
1517 4 2 107 54 500 102 113 112
1518 4 2 107 54 101 102 500 112
1519 4 2 107 54 102 500 113 501
1520 4 2 107 54 501 103 114 113
1521 4 2 107 54 102 103 501 113
1522 4 2 107 54 103 501 114 502
1523 4 2 107 54 502 104 115 103
1524 4 2 107 54 114 103 502 115
1525 4 2 107 54 104 502 115 503
1526 4 2 107 54 503 105 116 104
1527 4 2 107 54 115 104 503 116
1528 4 2 107 54 105 503 116 504
1529 4 2 107 54 504 106 117 105
1530 4 2 107 54 116 105 504 117
1531 4 2 107 54 106 504 117 505
1532 4 2 107 54 505 107 118 117
1533 4 2 107 54 106 107 505 117
1534 4 2 107 54 107 505 118 506
1535 4 2 107 54 506 108 119 118
1536 4 2 107 54 107 108 506 118
1537 4 2 107 54 108 506 119 507
1538 4 2 107 54 507 109 120 119
1539 4 2 107 54 108 109 507 119
1540 4 2 107 54 109 507 120 508
1541 4 2 107 54 508 110 121 120
1542 4 2 107 54 109 110 508 120
1543 4 2 107 54 110 508 121 509
1544 4 2 107 54 509 111 122 121
1545 4 2 107 54 110 111 509 121
1546 4 2 107 54 111 509 122 255
1547 4 2 107 54 255 43 44 122
1548 4 2 107 54 111 43 255 122
1549 4 2 107 54 77 93 96 466
1550 4 2 107 54 433 257 466 77
1551 4 2 107 54 93 77 433 466
1552 4 2 107 54 257 433 466 467
1553 4 2 107 54 434 258 467 257
1554 4 2 107 54 433 257 434 467
1555 4 2 107 54 258 434 467 468
1556 4 2 107 54 435 259 468 434
1557 4 2 107 54 434 259 468 258
1558 4 2 107 54 259 435 468 260
1559 4 2 107 54 436 260 469 435
1560 4 2 107 54 435 260 469 468
1561 4 2 107 54 260 436 469 261
1562 4 2 107 54 437 261 470 436
1563 4 2 107 54 436 261 470 469
1564 4 2 107 54 261 437 470 471
1565 4 2 107 54 438 262 471 261
1566 4 2 107 54 437 261 438 471
1567 4 2 107 54 262 438 471 472
1568 4 2 107 54 439 263 472 262
1569 4 2 107 54 438 262 439 472
1570 4 2 107 54 263 439 472 473
1571 4 2 107 54 440 264 473 263
1572 4 2 107 54 439 263 440 473
1573 4 2 107 54 264 440 473 474
1574 4 2 107 54 441 265 474 264
1575 4 2 107 54 440 264 441 474
1576 4 2 107 54 265 441 474 475
1577 4 2 107 54 442 266 475 265
1578 4 2 107 54 441 265 442 475
1579 4 2 107 54 266 442 475 476
1580 4 2 107 54 443 267 476 266
1581 4 2 107 54 442 266 443 476
1582 4 2 107 54 267 443 476 233
1583 4 2 107 54 249 233 252 476
1584 4 2 107 54 443 233 249 476
1585 4 2 107 54 80 92 85 422
1586 4 2 107 54 422 290 345 80
1587 4 2 107 54 85 80 422 345
1588 4 2 107 54 290 422 345 291
1589 4 2 107 54 423 291 346 345
1590 4 2 107 54 422 291 423 345
1591 4 2 107 54 291 423 346 292
1592 4 2 107 54 424 292 347 346
1593 4 2 107 54 423 292 424 346
1594 4 2 107 54 292 424 347 293
1595 4 2 107 54 425 293 348 347
1596 4 2 107 54 424 293 425 347
1597 4 2 107 54 293 425 348 294
1598 4 2 107 54 426 294 349 348
1599 4 2 107 54 425 294 426 348
1600 4 2 107 54 294 426 349 295
1601 4 2 107 54 427 295 350 349
1602 4 2 107 54 426 295 427 349
1603 4 2 107 54 295 427 350 296
1604 4 2 107 54 428 296 351 350
1605 4 2 107 54 427 296 428 350
1606 4 2 107 54 296 428 351 297
1607 4 2 107 54 429 297 352 351
1608 4 2 107 54 428 297 429 351
1609 4 2 107 54 297 429 352 298
1610 4 2 107 54 430 298 353 352
1611 4 2 107 54 429 298 430 352
1612 4 2 107 54 298 430 353 299
1613 4 2 107 54 431 299 354 353
1614 4 2 107 54 430 299 431 353
1615 4 2 107 54 299 431 354 300
1616 4 2 107 54 432 300 355 354
1617 4 2 107 54 431 300 432 354
1618 4 2 107 54 300 432 355 236
1619 4 2 107 54 248 236 241 355
1620 4 2 107 54 432 236 248 355
1621 4 2 107 54 79 85 92 422
1622 4 2 107 54 345 279 422 79
1623 4 2 107 54 85 79 345 422
1624 4 2 107 54 279 345 422 280
1625 4 2 107 54 346 280 423 345
1626 4 2 107 54 345 280 423 422
1627 4 2 107 54 280 346 423 281
1628 4 2 107 54 347 281 424 346
1629 4 2 107 54 346 281 424 423
1630 4 2 107 54 281 347 424 282
1631 4 2 107 54 348 282 425 347
1632 4 2 107 54 347 282 425 424
1633 4 2 107 54 282 348 425 283
1634 4 2 107 54 349 283 426 348
1635 4 2 107 54 348 283 426 425
1636 4 2 107 54 283 349 426 284
1637 4 2 107 54 350 284 427 349
1638 4 2 107 54 349 284 427 426
1639 4 2 107 54 284 350 427 285
1640 4 2 107 54 351 285 428 350
1641 4 2 107 54 350 285 428 427
1642 4 2 107 54 285 351 428 286
1643 4 2 107 54 352 286 429 351
1644 4 2 107 54 351 286 429 428
1645 4 2 107 54 286 352 429 287
1646 4 2 107 54 353 287 430 352
1647 4 2 107 54 352 287 430 429
1648 4 2 107 54 287 353 430 288
1649 4 2 107 54 354 288 431 353
1650 4 2 107 54 353 288 431 430
1651 4 2 107 54 288 354 431 289
1652 4 2 107 54 355 289 432 354
1653 4 2 107 54 354 289 432 431
1654 4 2 107 54 289 355 432 235
1655 4 2 107 54 241 235 248 355
1656 4 2 107 54 355 235 248 432
1657 4 2 107 54 79 86 97 477
1658 4 2 107 54 356 279 477 79
1659 4 2 107 54 86 79 356 477
1660 4 2 107 54 279 356 477 280
1661 4 2 107 54 357 280 478 477
1662 4 2 107 54 356 280 357 477
1663 4 2 107 54 280 357 478 281
1664 4 2 107 54 358 281 479 357
1665 4 2 107 54 357 281 479 478
1666 4 2 107 54 281 358 479 282
1667 4 2 107 54 359 282 480 358
1668 4 2 107 54 358 282 480 479
1669 4 2 107 54 282 359 480 283
1670 4 2 107 54 360 283 481 359
1671 4 2 107 54 359 283 481 480
1672 4 2 107 54 283 360 481 284
1673 4 2 107 54 361 284 482 360
1674 4 2 107 54 360 284 482 481
1675 4 2 107 54 284 361 482 285
1676 4 2 107 54 362 285 483 482
1677 4 2 107 54 361 285 362 482
1678 4 2 107 54 285 362 483 286
1679 4 2 107 54 363 286 484 483
1680 4 2 107 54 362 286 363 483
1681 4 2 107 54 286 363 484 287
1682 4 2 107 54 364 287 485 484
1683 4 2 107 54 363 287 364 484
1684 4 2 107 54 287 364 485 288
1685 4 2 107 54 365 288 486 485
1686 4 2 107 54 364 288 365 485
1687 4 2 107 54 288 365 486 289
1688 4 2 107 54 366 289 487 365
1689 4 2 107 54 365 289 487 486
1690 4 2 107 54 289 366 487 235
1691 4 2 107 54 242 235 253 366
1692 4 2 107 54 366 235 253 487
1693 4 2 107 54 81 100 87 510
1694 4 2 107 54 510 301 367 81
1695 4 2 107 54 87 81 510 367
1696 4 2 107 54 301 510 367 302
1697 4 2 107 54 511 302 368 367
1698 4 2 107 54 510 302 511 367
1699 4 2 107 54 302 511 368 303
1700 4 2 107 54 512 303 369 368
1701 4 2 107 54 511 303 512 368
1702 4 2 107 54 303 512 369 304
1703 4 2 107 54 513 304 370 369
1704 4 2 107 54 512 304 513 369
1705 4 2 107 54 304 513 370 305
1706 4 2 107 54 514 305 371 370
1707 4 2 107 54 513 305 514 370
1708 4 2 107 54 305 514 371 306
1709 4 2 107 54 515 306 372 371
1710 4 2 107 54 514 306 515 371
1711 4 2 107 54 306 515 372 307
1712 4 2 107 54 516 307 373 372
1713 4 2 107 54 515 307 516 372
1714 4 2 107 54 307 516 373 308
1715 4 2 107 54 517 308 374 373
1716 4 2 107 54 516 308 517 373
1717 4 2 107 54 308 517 374 375
1718 4 2 107 54 518 309 375 517
1719 4 2 107 54 517 309 375 308
1720 4 2 107 54 309 518 375 376
1721 4 2 107 54 519 310 376 518
1722 4 2 107 54 518 310 376 309
1723 4 2 107 54 310 519 376 311
1724 4 2 107 54 520 311 377 376
1725 4 2 107 54 519 311 520 376
1726 4 2 107 54 311 520 377 237
1727 4 2 107 54 256 237 243 377
1728 4 2 107 54 520 237 256 377
1729 4 2 107 54 80 94 92 444
1730 4 2 107 54 444 290 422 80
1731 4 2 107 54 92 80 444 422
1732 4 2 107 54 290 444 422 291
1733 4 2 107 54 445 291 423 444
1734 4 2 107 54 444 291 423 422
1735 4 2 107 54 291 445 423 292
1736 4 2 107 54 446 292 424 445
1737 4 2 107 54 445 292 424 423
1738 4 2 107 54 292 446 424 293
1739 4 2 107 54 447 293 425 446
1740 4 2 107 54 446 293 425 424
1741 4 2 107 54 293 447 425 294
1742 4 2 107 54 448 294 426 447
1743 4 2 107 54 447 294 426 425
1744 4 2 107 54 294 448 426 295
1745 4 2 107 54 449 295 427 448
1746 4 2 107 54 448 295 427 426
1747 4 2 107 54 295 449 427 296
1748 4 2 107 54 450 296 428 449
1749 4 2 107 54 449 296 428 427
1750 4 2 107 54 296 450 428 297
1751 4 2 107 54 451 297 429 450
1752 4 2 107 54 450 297 429 428
1753 4 2 107 54 297 451 429 298
1754 4 2 107 54 452 298 430 451
1755 4 2 107 54 451 298 430 429
1756 4 2 107 54 298 452 430 299
1757 4 2 107 54 453 299 431 430
1758 4 2 107 54 452 299 453 430
1759 4 2 107 54 299 453 431 300
1760 4 2 107 54 454 300 432 431
1761 4 2 107 54 453 300 454 431
1762 4 2 107 54 300 454 432 236
1763 4 2 107 54 250 236 248 432
1764 4 2 107 54 454 236 250 432
1765 4 2 107 54 77 92 94 444
1766 4 2 107 54 422 257 444 77
1767 4 2 107 54 92 77 422 444
1768 4 2 107 54 257 422 444 423
1769 4 2 107 54 423 258 445 257
1770 4 2 107 54 444 257 423 445
1771 4 2 107 54 258 423 445 424
1772 4 2 107 54 424 259 446 445
1773 4 2 107 54 258 259 424 445
1774 4 2 107 54 259 424 446 260
1775 4 2 107 54 425 260 447 446
1776 4 2 107 54 424 260 425 446
1777 4 2 107 54 260 425 447 261
1778 4 2 107 54 426 261 448 447
1779 4 2 107 54 425 261 426 447
1780 4 2 107 54 261 426 448 427
1781 4 2 107 54 427 262 449 261
1782 4 2 107 54 448 261 427 449
1783 4 2 107 54 262 427 449 428
1784 4 2 107 54 428 263 450 262
1785 4 2 107 54 449 262 428 450
1786 4 2 107 54 263 428 450 429
1787 4 2 107 54 429 264 451 450
1788 4 2 107 54 263 264 429 450
1789 4 2 107 54 264 429 451 430
1790 4 2 107 54 430 265 452 451
1791 4 2 107 54 264 265 430 451
1792 4 2 107 54 265 430 452 453
1793 4 2 107 54 431 266 453 265
1794 4 2 107 54 430 265 431 453
1795 4 2 107 54 266 431 453 454
1796 4 2 107 54 432 267 454 266
1797 4 2 107 54 431 266 432 454
1798 4 2 107 54 267 432 454 233
1799 4 2 107 54 248 233 250 432
1800 4 2 107 54 432 233 250 454
1801 4 2 107 54 79 92 95 455
1802 4 2 107 54 422 279 455 79
1803 4 2 107 54 92 79 422 455
1804 4 2 107 54 279 422 455 280
1805 4 2 107 54 423 280 456 422
1806 4 2 107 54 422 280 456 455
1807 4 2 107 54 280 423 456 281
1808 4 2 107 54 424 281 457 423
1809 4 2 107 54 423 281 457 456
1810 4 2 107 54 281 424 457 282
1811 4 2 107 54 425 282 458 424
1812 4 2 107 54 424 282 458 457
1813 4 2 107 54 282 425 458 283
1814 4 2 107 54 426 283 459 425
1815 4 2 107 54 425 283 459 458
1816 4 2 107 54 283 426 459 284
1817 4 2 107 54 427 284 460 426
1818 4 2 107 54 426 284 460 459
1819 4 2 107 54 284 427 460 285
1820 4 2 107 54 428 285 461 427
1821 4 2 107 54 427 285 461 460
1822 4 2 107 54 285 428 461 286
1823 4 2 107 54 429 286 462 428
1824 4 2 107 54 428 286 462 461
1825 4 2 107 54 286 429 462 287
1826 4 2 107 54 430 287 463 429
1827 4 2 107 54 429 287 463 462
1828 4 2 107 54 287 430 463 464
1829 4 2 107 54 431 288 464 430
1830 4 2 107 54 430 288 464 287
1831 4 2 107 54 288 431 464 465
1832 4 2 107 54 432 289 465 431
1833 4 2 107 54 431 289 465 288
1834 4 2 107 54 289 432 465 251
1835 4 2 107 54 248 235 251 432
1836 4 2 107 54 432 235 251 289
1837 4 2 107 54 77 95 92 455
1838 4 2 107 54 455 257 422 77
1839 4 2 107 54 92 77 455 422
1840 4 2 107 54 257 455 422 456
1841 4 2 107 54 456 258 423 257
1842 4 2 107 54 422 257 456 423
1843 4 2 107 54 258 456 423 457
1844 4 2 107 54 457 259 424 258
1845 4 2 107 54 423 258 457 424
1846 4 2 107 54 259 457 424 260
1847 4 2 107 54 458 260 425 424
1848 4 2 107 54 457 260 458 424
1849 4 2 107 54 260 458 425 261
1850 4 2 107 54 459 261 426 425
1851 4 2 107 54 458 261 459 425
1852 4 2 107 54 261 459 426 460
1853 4 2 107 54 460 262 427 261
1854 4 2 107 54 426 261 460 427
1855 4 2 107 54 262 460 427 461
1856 4 2 107 54 461 263 428 262
1857 4 2 107 54 427 262 461 428
1858 4 2 107 54 263 461 428 462
1859 4 2 107 54 462 264 429 263
1860 4 2 107 54 428 263 462 429
1861 4 2 107 54 264 462 429 463
1862 4 2 107 54 463 265 430 264
1863 4 2 107 54 429 264 463 430
1864 4 2 107 54 265 463 430 464
1865 4 2 107 54 464 266 431 265
1866 4 2 107 54 430 265 464 431
1867 4 2 107 54 266 464 431 465
1868 4 2 107 54 465 267 432 266
1869 4 2 107 54 431 266 465 432
1870 4 2 107 54 267 465 432 251
1871 4 2 107 54 251 233 248 432
1872 4 2 107 54 267 233 251 432
1873 4 2 107 54 82 95 96 466
1874 4 2 107 54 455 312 466 82
1875 4 2 107 54 95 82 455 466
1876 4 2 107 54 312 455 466 467
1877 4 2 107 54 456 313 467 312
1878 4 2 107 54 455 312 456 467
1879 4 2 107 54 313 456 467 468
1880 4 2 107 54 457 314 468 313
1881 4 2 107 54 456 313 457 468
1882 4 2 107 54 314 457 468 469
1883 4 2 107 54 458 315 469 314
1884 4 2 107 54 457 314 458 469
1885 4 2 107 54 315 458 469 470
1886 4 2 107 54 459 316 470 315
1887 4 2 107 54 458 315 459 470
1888 4 2 107 54 316 459 470 460
1889 4 2 107 54 460 317 471 316
1890 4 2 107 54 470 316 460 471
1891 4 2 107 54 317 460 471 461
1892 4 2 107 54 461 318 472 317
1893 4 2 107 54 471 317 461 472
1894 4 2 107 54 318 461 472 462
1895 4 2 107 54 462 319 473 318
1896 4 2 107 54 472 318 462 473
1897 4 2 107 54 319 462 473 463
1898 4 2 107 54 463 320 474 319
1899 4 2 107 54 473 319 463 474
1900 4 2 107 54 320 463 474 464
1901 4 2 107 54 464 321 475 320
1902 4 2 107 54 474 320 464 475
1903 4 2 107 54 321 464 475 465
1904 4 2 107 54 465 322 476 321
1905 4 2 107 54 475 321 465 476
1906 4 2 107 54 322 465 476 251
1907 4 2 107 54 251 238 252 476
1908 4 2 107 54 322 238 251 476
1909 4 2 107 54 78 99 90 499
1910 4 2 107 54 499 268 400 78
1911 4 2 107 54 90 78 499 400
1912 4 2 107 54 268 499 400 500
1913 4 2 107 54 500 269 401 400
1914 4 2 107 54 268 269 500 400
1915 4 2 107 54 269 500 401 501
1916 4 2 107 54 501 270 402 401
1917 4 2 107 54 269 270 501 401
1918 4 2 107 54 270 501 402 502
1919 4 2 107 54 502 271 403 402
1920 4 2 107 54 270 271 502 402
1921 4 2 107 54 271 502 403 503
1922 4 2 107 54 503 272 404 403
1923 4 2 107 54 271 272 503 403
1924 4 2 107 54 272 503 404 504
1925 4 2 107 54 504 273 405 404
1926 4 2 107 54 272 273 504 404
1927 4 2 107 54 273 504 405 505
1928 4 2 107 54 505 274 406 405
1929 4 2 107 54 273 274 505 405
1930 4 2 107 54 274 505 406 275
1931 4 2 107 54 506 275 407 406
1932 4 2 107 54 505 275 506 406
1933 4 2 107 54 275 506 407 276
1934 4 2 107 54 507 276 408 407
1935 4 2 107 54 506 276 507 407
1936 4 2 107 54 276 507 408 277
1937 4 2 107 54 508 277 409 408
1938 4 2 107 54 507 277 508 408
1939 4 2 107 54 277 508 409 278
1940 4 2 107 54 509 278 410 409
1941 4 2 107 54 508 278 509 409
1942 4 2 107 54 278 509 410 234
1943 4 2 107 54 255 234 246 410
1944 4 2 107 54 509 234 255 410
1945 4 2 107 54 9 90 99 499
1946 4 2 107 54 400 101 499 9
1947 4 2 107 54 90 9 400 499
1948 4 2 107 54 101 400 499 500
1949 4 2 107 54 401 102 500 101
1950 4 2 107 54 400 101 401 500
1951 4 2 107 54 102 401 500 501
1952 4 2 107 54 402 103 501 102
1953 4 2 107 54 401 102 402 501
1954 4 2 107 54 103 402 501 502
1955 4 2 107 54 403 104 502 103
1956 4 2 107 54 402 103 403 502
1957 4 2 107 54 104 403 502 503
1958 4 2 107 54 404 105 503 104
1959 4 2 107 54 403 104 404 503
1960 4 2 107 54 105 404 503 504
1961 4 2 107 54 405 106 504 105
1962 4 2 107 54 404 105 405 504
1963 4 2 107 54 106 405 504 505
1964 4 2 107 54 406 107 505 106
1965 4 2 107 54 405 106 406 505
1966 4 2 107 54 107 406 505 506
1967 4 2 107 54 407 108 506 107
1968 4 2 107 54 406 107 407 506
1969 4 2 107 54 108 407 506 507
1970 4 2 107 54 408 109 507 108
1971 4 2 107 54 407 108 408 507
1972 4 2 107 54 109 408 507 508
1973 4 2 107 54 409 110 508 109
1974 4 2 107 54 408 109 409 508
1975 4 2 107 54 110 409 508 509
1976 4 2 107 54 410 111 509 110
1977 4 2 107 54 409 110 410 509
1978 4 2 107 54 111 410 509 255
1979 4 2 107 54 246 43 255 111
1980 4 2 107 54 410 111 246 255
1981 4 2 107 54 78 89 99 499
1982 4 2 107 54 389 268 499 78
1983 4 2 107 54 89 78 389 499
1984 4 2 107 54 268 389 499 500
1985 4 2 107 54 390 269 500 268
1986 4 2 107 54 389 268 390 500
1987 4 2 107 54 269 390 500 501
1988 4 2 107 54 391 270 501 269
1989 4 2 107 54 390 269 391 501
1990 4 2 107 54 270 391 501 502
1991 4 2 107 54 392 271 502 270
1992 4 2 107 54 391 270 392 502
1993 4 2 107 54 271 392 502 503
1994 4 2 107 54 393 272 503 271
1995 4 2 107 54 392 271 393 503
1996 4 2 107 54 272 393 503 394
1997 4 2 107 54 394 273 504 272
1998 4 2 107 54 503 272 394 504
1999 4 2 107 54 273 394 504 395
2000 4 2 107 54 395 274 505 273
2001 4 2 107 54 504 273 395 505
2002 4 2 107 54 274 395 505 275
2003 4 2 107 54 396 275 506 505
2004 4 2 107 54 395 275 396 505
2005 4 2 107 54 275 396 506 276
2006 4 2 107 54 397 276 507 506
2007 4 2 107 54 396 276 397 506
2008 4 2 107 54 276 397 507 277
2009 4 2 107 54 398 277 508 507
2010 4 2 107 54 397 277 398 507
2011 4 2 107 54 277 398 508 278
2012 4 2 107 54 399 278 509 508
2013 4 2 107 54 398 278 399 508
2014 4 2 107 54 278 399 509 234
2015 4 2 107 54 245 234 255 509
2016 4 2 107 54 399 234 245 509
2017 4 2 107 54 80 98 88 488
2018 4 2 107 54 488 290 378 80
2019 4 2 107 54 88 80 488 378
2020 4 2 107 54 290 488 378 291
2021 4 2 107 54 489 291 379 378
2022 4 2 107 54 488 291 489 378
2023 4 2 107 54 291 489 379 292
2024 4 2 107 54 490 292 380 379
2025 4 2 107 54 489 292 490 379
2026 4 2 107 54 292 490 380 293
2027 4 2 107 54 491 293 381 380
2028 4 2 107 54 490 293 491 380
2029 4 2 107 54 293 491 381 294
2030 4 2 107 54 492 294 382 381
2031 4 2 107 54 491 294 492 381
2032 4 2 107 54 294 492 382 383
2033 4 2 107 54 493 295 383 294
2034 4 2 107 54 492 294 493 383
2035 4 2 107 54 295 493 383 384
2036 4 2 107 54 494 296 384 295
2037 4 2 107 54 493 295 494 384
2038 4 2 107 54 296 494 384 495
2039 4 2 107 54 495 297 385 384
2040 4 2 107 54 296 297 495 384
2041 4 2 107 54 297 495 385 496
2042 4 2 107 54 496 298 386 385
2043 4 2 107 54 297 298 496 385
2044 4 2 107 54 298 496 386 497
2045 4 2 107 54 497 299 387 386
2046 4 2 107 54 298 299 497 386
2047 4 2 107 54 299 497 387 498
2048 4 2 107 54 498 300 388 387
2049 4 2 107 54 299 300 498 387
2050 4 2 107 54 300 498 388 254
2051 4 2 107 54 254 236 244 388
2052 4 2 107 54 300 236 254 388
2053 4 2 107 54 81 91 100 510
2054 4 2 107 54 411 301 510 81
2055 4 2 107 54 91 81 411 510
2056 4 2 107 54 301 411 510 302
2057 4 2 107 54 412 302 511 411
2058 4 2 107 54 411 302 511 510
2059 4 2 107 54 302 412 511 303
2060 4 2 107 54 413 303 512 412
2061 4 2 107 54 412 303 512 511
2062 4 2 107 54 303 413 512 304
2063 4 2 107 54 414 304 513 413
2064 4 2 107 54 413 304 513 512
2065 4 2 107 54 304 414 513 305
2066 4 2 107 54 415 305 514 414
2067 4 2 107 54 414 305 514 513
2068 4 2 107 54 305 415 514 306
2069 4 2 107 54 416 306 515 415
2070 4 2 107 54 415 306 515 514
2071 4 2 107 54 306 416 515 307
2072 4 2 107 54 417 307 516 416
2073 4 2 107 54 416 307 516 515
2074 4 2 107 54 307 417 516 308
2075 4 2 107 54 418 308 517 417
2076 4 2 107 54 417 308 517 516
2077 4 2 107 54 308 418 517 309
2078 4 2 107 54 419 309 518 418
2079 4 2 107 54 418 309 518 517
2080 4 2 107 54 309 419 518 310
2081 4 2 107 54 420 310 519 419
2082 4 2 107 54 419 310 519 518
2083 4 2 107 54 310 420 519 311
2084 4 2 107 54 421 311 520 420
2085 4 2 107 54 420 311 520 519
2086 4 2 107 54 311 421 520 237
2087 4 2 107 54 247 237 256 421
2088 4 2 107 54 421 237 256 520
2089 4 2 107 54 12 88 98 488
2090 4 2 107 54 378 134 488 12
2091 4 2 107 54 88 12 378 488
2092 4 2 107 54 134 378 488 489
2093 4 2 107 54 379 135 489 134
2094 4 2 107 54 378 134 379 489
2095 4 2 107 54 135 379 489 490
2096 4 2 107 54 380 136 490 135
2097 4 2 107 54 379 135 380 490
2098 4 2 107 54 136 380 490 491
2099 4 2 107 54 381 137 491 136
2100 4 2 107 54 380 136 381 491
2101 4 2 107 54 137 381 491 492
2102 4 2 107 54 382 138 492 137
2103 4 2 107 54 381 137 382 492
2104 4 2 107 54 138 382 492 383
2105 4 2 107 54 383 139 493 138
2106 4 2 107 54 492 138 383 493
2107 4 2 107 54 139 383 493 384
2108 4 2 107 54 384 140 494 139
2109 4 2 107 54 493 139 384 494
2110 4 2 107 54 140 384 494 495
2111 4 2 107 54 385 141 495 140
2112 4 2 107 54 384 140 385 495
2113 4 2 107 54 141 385 495 496
2114 4 2 107 54 386 142 496 141
2115 4 2 107 54 385 141 386 496
2116 4 2 107 54 142 386 496 497
2117 4 2 107 54 387 143 497 142
2118 4 2 107 54 386 142 387 497
2119 4 2 107 54 143 387 497 498
2120 4 2 107 54 388 144 498 143
2121 4 2 107 54 387 143 388 498
2122 4 2 107 54 144 388 498 254
2123 4 2 107 54 244 57 254 144
2124 4 2 107 54 388 144 244 254
2125 4 2 107 54 10 99 89 499
2126 4 2 107 54 499 112 389 10
2127 4 2 107 54 89 10 499 389
2128 4 2 107 54 112 499 389 500
2129 4 2 107 54 500 113 390 112
2130 4 2 107 54 389 112 500 390
2131 4 2 107 54 113 500 390 501
2132 4 2 107 54 501 114 391 113
2133 4 2 107 54 390 113 501 391
2134 4 2 107 54 114 501 391 502
2135 4 2 107 54 502 115 392 114
2136 4 2 107 54 391 114 502 392
2137 4 2 107 54 115 502 392 503
2138 4 2 107 54 503 116 393 115
2139 4 2 107 54 392 115 503 393
2140 4 2 107 54 116 503 393 394
2141 4 2 107 54 504 117 394 116
2142 4 2 107 54 503 116 504 394
2143 4 2 107 54 117 504 394 395
2144 4 2 107 54 505 118 395 117
2145 4 2 107 54 504 117 505 395
2146 4 2 107 54 118 505 395 396
2147 4 2 107 54 506 119 396 118
2148 4 2 107 54 505 118 506 396
2149 4 2 107 54 119 506 396 397
2150 4 2 107 54 507 120 397 119
2151 4 2 107 54 506 119 507 397
2152 4 2 107 54 120 507 397 398
2153 4 2 107 54 508 121 398 120
2154 4 2 107 54 507 120 508 398
2155 4 2 107 54 121 508 398 399
2156 4 2 107 54 509 122 399 121
2157 4 2 107 54 508 121 509 399
2158 4 2 107 54 122 509 399 245
2159 4 2 107 54 255 44 245 122
2160 4 2 107 54 509 122 255 245
2161 4 2 107 54 19 100 91 510
2162 4 2 107 54 510 211 411 19
2163 4 2 107 54 91 19 510 411
2164 4 2 107 54 211 510 411 511
2165 4 2 107 54 511 212 412 211
2166 4 2 107 54 411 211 511 412
2167 4 2 107 54 212 511 412 512
2168 4 2 107 54 512 213 413 212
2169 4 2 107 54 412 212 512 413
2170 4 2 107 54 213 512 413 513
2171 4 2 107 54 513 214 414 213
2172 4 2 107 54 413 213 513 414
2173 4 2 107 54 214 513 414 514
2174 4 2 107 54 514 215 415 214
2175 4 2 107 54 414 214 514 415
2176 4 2 107 54 215 514 415 515
2177 4 2 107 54 515 216 416 215
2178 4 2 107 54 415 215 515 416
2179 4 2 107 54 216 515 416 516
2180 4 2 107 54 516 217 417 216
2181 4 2 107 54 416 216 516 417
2182 4 2 107 54 217 516 417 517
2183 4 2 107 54 517 218 418 217
2184 4 2 107 54 417 217 517 418
2185 4 2 107 54 218 517 418 518
2186 4 2 107 54 518 219 419 218
2187 4 2 107 54 418 218 518 419
2188 4 2 107 54 219 518 419 519
2189 4 2 107 54 519 220 420 219
2190 4 2 107 54 419 219 519 420
2191 4 2 107 54 220 519 420 520
2192 4 2 107 54 520 221 421 220
2193 4 2 107 54 420 220 520 421
2194 4 2 107 54 221 520 421 256
2195 4 2 107 54 256 75 247 221
2196 4 2 107 54 421 221 256 247
2197 4 2 107 54 77 96 95 466
2198 4 2 107 54 466 257 455 77
2199 4 2 107 54 95 77 466 455
2200 4 2 107 54 257 466 455 467
2201 4 2 107 54 467 258 456 257
2202 4 2 107 54 455 257 467 456
2203 4 2 107 54 258 467 456 468
2204 4 2 107 54 468 259 457 258
2205 4 2 107 54 456 258 468 457
2206 4 2 107 54 259 468 457 260
2207 4 2 107 54 469 260 458 457
2208 4 2 107 54 468 260 469 457
2209 4 2 107 54 260 469 458 261
2210 4 2 107 54 470 261 459 458
2211 4 2 107 54 469 261 470 458
2212 4 2 107 54 261 470 459 460
2213 4 2 107 54 471 262 460 261
2214 4 2 107 54 470 261 471 460
2215 4 2 107 54 262 471 460 461
2216 4 2 107 54 472 263 461 262
2217 4 2 107 54 471 262 472 461
2218 4 2 107 54 263 472 461 462
2219 4 2 107 54 473 264 462 263
2220 4 2 107 54 472 263 473 462
2221 4 2 107 54 264 473 462 463
2222 4 2 107 54 474 265 463 264
2223 4 2 107 54 473 264 474 463
2224 4 2 107 54 265 474 463 464
2225 4 2 107 54 475 266 464 265
2226 4 2 107 54 474 265 475 464
2227 4 2 107 54 266 475 464 465
2228 4 2 107 54 476 267 465 266
2229 4 2 107 54 475 266 476 465
2230 4 2 107 54 267 476 465 251
2231 4 2 107 54 252 233 251 476
2232 4 2 107 54 476 233 251 267
$EndElements
